Chromosome	Start	Stop	Length	Strand	Gene Symbol	CL1-0_Rep-2	20230818_CL1-0_CE_miRNA_Rep1	CL1-5_Rep-1	20230818_CL1-5_CE_miRNA_Rep1	20230823_CL1-0_CE_miRNA_Rep2	CL1-5_Rep-2	CL1-0_Rep-1	20230823_CL1-5_CE_miRNA_Rep2
11	122146523	122146545	22	-	hsa-let-7a-2-3p	0	23.8093	193.949	267.763	18.606	436.11	0	223.293
9	94176013	94176034	21	+	hsa-let-7a-3p	0	66.666	226.274	120.032	63.4295	124.603	0	132.58
9	94175962	94175984	22	+	hsa-let-7a-5p	10139.3	9278.48	42992	51103.1	9073.79	31649.1	7666.36	42585.5
22	46113745	46113767	22	+	hsa-let-7b-3p	0	1.19046	64.6496	5.27611	0.845726	62.3014	0	4.18674
22	46113691	46113713	22	+	hsa-let-7b-5p	4122.56	471.424	6109.39	4625.83	383.114	13830.9	2759.89	3849.71
21	16539883	16539905	22	+	hsa-let-7c-3p	0	502.376	0	0	367.891	0	0	0
21	16539838	16539860	22	+	hsa-let-7c-5p	8022.28	16520.1	1034.39	154.326	11452.8	1121.43	8586.32	114.438
9	94178895	94178917	22	+	hsa-let-7d-3p	111.421	4.76186	290.923	14.5093	0.845726	436.11	0	15.3514
9	94178841	94178863	22	+	hsa-let-7d-5p	668.524	71.4279	1454.62	663.471	36.3662	1744.44	3373.2	633.594
19	51692838	51692860	22	+	hsa-let-7e-3p	0	21.4284	64.6496	55.3992	16.0688	373.808	0	47.4498
19	51692793	51692815	22	+	hsa-let-7e-5p	3899.72	4767.81	13867.3	13174.5	3760.1	11152	2453.24	11343.3
9	94176409	94176431	22	+	hsa-let-7f-1-3p	0	0	64.6496	7.91417	0	124.603	0	13.258
X	53557196	53557218	22	-	hsa-let-7f-2-3p	111.421	119.046	32.3248	135.86	69.3495	311.507	0	190.497
9	94176353	94176375	22	+	hsa-let-7f-5p	10139.3	8854.68	14319.9	21315.5	6074.85	9905.92	7666.36	22820.5
3	52268280	52268301	21	-	hsa-let-7g-3p	0	1.19046	0	7.91417	2.53718	62.3014	0	7.67569
3	52268336	52268358	22	-	hsa-let-7g-5p	2562.67	2151.17	4040.6	9297.83	1579.82	2990.47	1226.62	9340.62
12	62603747	62603769	22	+	hsa-let-7i-3p	111.421	17.857	64.6496	308.653	4.22863	124.603	0	272.138
12	62603691	62603713	22	+	hsa-let-7i-5p	17158.8	1821.41	33844.1	55268.6	889.704	23799.1	14106.1	61137.6
18	21829015	21829037	22	-	hsa-miR-1-3p	0	19.0474	32.3248	43.5279	19.4517	0	0	71.1746
11	122152240	122152262	22	-	hsa-miR-100-3p	445.682	691.66	5850.79	4892.27	570.865	3675.78	0	4716.37
11	122152275	122152297	22	-	hsa-miR-100-5p	3231.2	1448.8	40276.7	14655.7	1439.43	32895.1	2759.89	12775.8
9	4850308	4850330	22	+	hsa-miR-101-2-5p	0	2.38093	0	3.95708	2.53718	0	0	6.9779
1	65058442	65058463	21	-	hsa-miR-101-3p	557.103	1665.46	290.923	728.103	1775.18	249.206	613.309	1046.69
1	65058477	65058499	22	-	hsa-miR-101-5p	0	2.38093	0	1.31903	2.53718	0	0	3.48895
20	3917504	3917527	23	+	hsa-miR-103a-2-5p	0	3.57139	0	1.31903	0.845726	0	0	5.58232
5	168560904	168560927	23	-	hsa-miR-103a-3p	5236.77	12029.6	10796.5	9739.7	10015.9	9843.62	10426.2	9256.89
21	8206598	8206619	21	+	hsa-miR-10401-3p	1671.31	0	0	0	0	62.3014	613.309	0
X	152392228	152392250	22	-	hsa-miR-105-3p	0	10.7142	96.9744	2.63806	3.3829	62.3014	0	9.76907
X	152392265	152392288	23	-	hsa-miR-105-5p	0	77.3802	355.573	93.651	56.6636	436.11	0	83.0371
5	172915083	172915107	24	+	hsa-miR-10523-5p	0	8.33325	0	7.91417	5.07436	0	0	4.88453
X	134170208	134170230	22	-	hsa-miR-106a-3p	0	120.237	0	0	171.682	0	0	3.48895
X	134170244	134170267	23	-	hsa-miR-106a-5p	0	116.666	161.624	15.8283	138.699	0	0	15.3514
7	100094002	100094024	22	-	hsa-miR-106b-3p	1114.21	451.186	4622.45	414.175	375.502	8348.39	613.309	341.917
7	100094043	100094064	21	-	hsa-miR-106b-5p	0	242.855	96.9744	135.86	224.117	0	0	174.448
10	89592756	89592779	23	-	hsa-miR-107	445.682	1455.94	1034.39	1234.61	1417.44	498.411	613.309	1060.64
17	48579864	48579886	22	-	hsa-miR-10a-3p	0	35.7139	549.522	189.94	43.132	186.904	306.654	210.733
17	48579904	48579927	23	-	hsa-miR-10a-5p	779.944	233.331	3943.63	1722.65	260.484	1682.14	6133.09	1650.97
2	176150368	176150390	22	+	hsa-miR-10b-3p	334.262	270.236	0	6.59514	309.536	0	306.654	2.79116
2	176150329	176150352	23	+	hsa-miR-10b-5p	1448.47	2495.21	96.9744	42.2089	2759.6	62.3014	2453.24	41.8674
17	19344513	19344535	22	-	hsa-miR-1180-3p	0	52.3805	808.12	67.2704	31.2919	560.713	0	54.4277
14	101043029	101043051	22	+	hsa-miR-1185-1-3p	111.421	0	0	154.326	0.845726	0	0	131.185
14	101044250	101044272	22	+	hsa-miR-1185-2-3p	0	0	0	15.8283	0	62.3014	0	20.2359
14	101042991	101043012	21	+	hsa-miR-1185-5p	0	0	0	3.95708	0	0	0	7.67569
14	101025620	101025641	21	+	hsa-miR-1197	111.421	0	0	101.565	0	62.3014	0	203.057
15	73299962	73299980	18	+	hsa-miR-12135	0	970.229	0	303.376	1373.46	0	0	332.148
1	632668	632686	18	-	hsa-miR-12136	222.841	33.333	32.3248	27.6996	30.4461	0	919.963	50.2409
18	58451088	58451110	22	+	hsa-miR-122-5p	222.841	3.57139	32.3248	7.91417	0.845726	0	0	8.37349
3	47849608	47849630	22	+	hsa-miR-1226-3p	222.841	15.476	0	6.59514	18.606	124.603	613.309	2.79116
3	47849555	47849581	26	+	hsa-miR-1226-5p	222.841	0	129.299	0	0	186.904	613.309	0
12	57194504	57194525	21	+	hsa-miR-1228-5p	1002.79	0	0	0	0	62.3014	306.654	0
8	9903438	9903460	22	-	hsa-miR-124-5p	0	4.76186	0	2.63806	10.9944	0	0	0.69779
2	176601024	176601043	19	-	hsa-miR-1246	8245.13	11.9046	193.949	0	10.9944	1495.23	3679.85	0.69779
14	101560326	101560350	24	-	hsa-miR-1247-3p	0	3.57139	0	5.27611	3.3829	0	0	3.48895
3	186786675	186786702	27	+	hsa-miR-1248	0	2.38093	32.3248	2.63806	3.3829	0	919.963	0.69779
17	81133265	81133286	21	-	hsa-miR-1250-5p	0	39.2853	0	0	38.0577	0	306.654	0
4	101330365	101330388	23	-	hsa-miR-1255a	0	3.57139	96.9744	9.2332	0.845726	0	0	16.0492
20	61953621	61953642	21	-	hsa-miR-1257	0	1.19046	0	2.63806	1.69145	0	0	6.28011
19	51693306	51693328	22	+	hsa-miR-125a-3p	0	63.0946	646.496	131.903	54.9722	934.521	0	98.3885
19	51693268	51693292	24	+	hsa-miR-125a-5p	6796.66	10127.3	16582.6	18320	10397.4	12086.5	6439.74	14069.5
11	122099769	122099791	22	-	hsa-miR-125b-1-3p	668.524	152.38	1519.27	399.665	139.545	6043.24	306.654	382.389
21	16590290	16590312	22	+	hsa-miR-125b-2-3p	222.841	82.1421	0	0	73.5782	0	306.654	0
11	122099809	122099831	22	-	hsa-miR-125b-5p	17381.6	60362.5	41828.3	53035.5	62747	26976.5	20545.8	39324.7
9	136670653	136670675	22	+	hsa-miR-126-3p	187298	23714.1	7014.48	7966.93	22457.4	8286.09	3066.54	8612.13
9	136670616	136670637	21	+	hsa-miR-126-5p	63955.4	12999.9	2004.14	4367.3	11687.9	2429.76	306.654	5001.06
14	77266231	77266249	18	+	hsa-miR-1260a	0	15.476	355.573	15.8283	14.3773	872.22	0	5.58232
11	96341447	96341466	19	+	hsa-miR-1260b	111.421	34.5235	840.445	30.3376	33.829	3364.28	0	34.8895
1	68183576	68183598	22	-	hsa-miR-1262	0	0	0	10.5522	0	0	0	14.6536
15	22225308	22225326	18	-	hsa-miR-1268a	0	9.52372	64.6496	3.95708	3.3829	186.904	0	3.48895
17	80098831	80098851	20	+	hsa-miR-1268b	0	2.38093	64.6496	2.63806	2.53718	62.3014	0	4.88453
14	100883035	100883057	22	+	hsa-miR-127-3p	334.262	0	1551.59	2834.59	1.69145	1931.34	306.654	2791.86
14	100883001	100883023	22	+	hsa-miR-127-5p	0	0	0	44.847	0	0	0	50.9387
19	20399320	20399343	23	-	hsa-miR-1270	0	0	193.949	55.3992	0	124.603	0	54.4277
5	176367960	176367982	22	+	hsa-miR-1271-5p	0	0	161.624	179.388	0	124.603	0	150.025
6	34000018	34000035	17	-	hsa-miR-1275	111.421	2.38093	0	1.31903	3.3829	0	0	4.88453
X	118386440	118386462	22	+	hsa-miR-1277-3p	0	42.8567	0	32.9757	51.5893	0	0	41.8674
X	118386401	118386425	24	+	hsa-miR-1277-5p	0	16.6665	0	9.2332	29.6004	0	0	14.6536
1	193136552	193136574	22	+	hsa-miR-1278	0	21.4284	0	3.95708	21.1432	0	0	5.58232
2	135665411	135665434	23	+	hsa-miR-128-1-5p	222.841	44.0472	129.299	7.91417	40.5948	311.507	0	13.258
2	135665446	135665467	21	+	hsa-miR-128-3p	668.524	4608.29	2230.41	1887.53	4694.63	1059.12	1533.27	2033.36
3	71542039	71542061	22	-	hsa-miR-1284	0	7.14279	0	3.95708	6.76581	0	0	5.58232
22	20249145	20249166	21	-	hsa-miR-1286	0	20.2379	0	1.31903	21.9889	0	0	1.39558
10	98395271	98395293	22	-	hsa-miR-1287-5p	111.421	7.14279	0	1.31903	5.07436	0	0	0.69779
7	128207876	128207897	21	+	hsa-miR-129-5p	0	7.14279	32.3248	7.91417	10.1487	0	306.654	13.9558
12	48654494	48654518	24	-	hsa-miR-1291	222.841	1.19046	129.299	0	0	0	1226.62	0
20	2652779	2652804	25	+	hsa-miR-1292-5p	779.944	1.19046	32.3248	7.91417	5.07436	124.603	919.963	9.76907
5	154347153	154347175	22	+	hsa-miR-1294	0	9.52372	0	3.95708	5.92008	0	0	4.88453
10	63372969	63372991	22	-	hsa-miR-1296-3p	0	4.76186	0	1.31903	2.53718	0	306.654	1.39558
10	63373012	63373034	22	-	hsa-miR-1296-5p	222.841	116.666	420.222	54.0801	99.7957	872.22	306.654	53.7299
2	25328651	25328675	24	-	hsa-miR-1301-3p	0	47.6186	64.6496	13.1903	57.5094	0	0	8.37349
11	93733691	93733713	22	-	hsa-miR-1304-3p	111.421	266.664	193.949	179.388	190.288	498.411	0	157.701
4	182169343	182169365	22	+	hsa-miR-1305	0	2.38093	0	3.95708	9.30299	0	0	11.8624
22	20086072	20086094	22	+	hsa-miR-1306-5p	0	7.14279	32.3248	5.27611	4.22863	62.3014	0	4.88453
10	103394301	103394323	22	-	hsa-miR-1307-3p	1448.47	69.047	775.795	58.0372	89.647	1744.44	1226.62	53.0321
10	103394341	103394362	21	-	hsa-miR-1307-5p	1894.15	985.705	484.872	511.783	924.379	872.22	919.963	678.252
11	57641252	57641274	22	+	hsa-miR-130a-3p	2005.57	14727.2	2715.28	10122.2	12434.7	1619.84	1533.27	10679.7
11	57641212	57641234	22	+	hsa-miR-130a-5p	111.421	116.666	420.222	98.9271	96.4128	685.316	0	87.9216
22	21653354	21653376	22	+	hsa-miR-130b-3p	779.944	2367.83	775.795	2514.07	1674.54	996.823	1226.62	2159.66
22	21653316	21653337	21	+	hsa-miR-130b-5p	111.421	17.857	96.9744	19.7854	21.9889	124.603	0	18.1426
17	2049929	2049951	22	-	hsa-miR-132-3p	111.421	615.47	258.598	196.535	748.468	685.316	0	352.384
17	2049965	2049987	22	-	hsa-miR-132-5p	111.421	278.569	420.222	133.222	337.445	1432.93	306.654	204.453
14	101054694	101054716	22	+	hsa-miR-134-5p	222.841	0	1551.59	1015.65	0	934.521	306.654	1133.91
1	205448361	205448384	23	-	hsa-miR-135b-5p	0	0	0	39.5708	5.07436	0	0	45.3564
14	100884750	100884772	22	+	hsa-miR-136-3p	222.841	0	323.248	551.354	0	0	0	825.486
14	100884716	100884739	23	+	hsa-miR-136-5p	0	0	64.6496	109.479	0	249.206	0	138.163
1	98046091	98046114	23	-	hsa-miR-137-3p	557.103	1810.7	0	61.9943	449.081	0	306.654	93.5039
3	44114274	44114296	22	+	hsa-miR-138-1-3p	0	3.57139	129.299	14.5093	5.92008	124.603	0	12.5602
3	44114234	44114257	23	+	hsa-miR-138-5p	111.421	138.094	452.547	356.138	176.757	436.11	0	390.065
11	72615066	72615089	23	-	hsa-miR-139-3p	0	8.33325	64.6496	3.95708	3.3829	186.904	0	6.9779
11	72615102	72615125	23	-	hsa-miR-139-5p	0	51.19	0	42.2089	60.0465	62.3014	0	46.752
16	69933142	69933163	21	+	hsa-miR-140-3p	222.841	258.331	581.846	153.007	292.621	2429.76	1533.27	161.887
16	69933103	69933125	22	+	hsa-miR-140-5p	0	1014.28	355.573	592.244	922.687	124.603	613.309	615.451
12	6964155	6964177	22	+	hsa-miR-141-3p	668.524	204.76	226.274	44.847	133.625	623.014	12879.5	74.6636
12	6964113	6964135	22	+	hsa-miR-141-5p	0	20.2379	0	13.1903	14.3773	62.3014	0	11.1646
17	58331245	58331268	23	-	hsa-miR-142-3p	3899.72	32.1426	517.197	32.9757	18.606	1557.54	7973.01	41.1696
17	58331283	58331304	21	-	hsa-miR-142-5p	1337.05	4.76186	96.9744	1.31903	5.07436	560.713	1839.93	4.18674
5	149428978	149428999	21	+	hsa-miR-143-3p	557.103	14.2856	775.795	2.63806	4.22863	186.904	8586.32	7.67569
X	63786055	63786076	21	-	hsa-miR-1468-5p	0	19.0474	96.9744	1.31903	3.3829	0	0	3.48895
5	160485372	160485394	22	+	hsa-miR-146a-5p	6016.71	60.7137	517.197	100.246	29.6004	560.713	13799.4	69.0813
10	102436520	102436543	23	+	hsa-miR-146b-5p	111.421	64.2851	161.624	11.8713	35.5205	186.904	0	17.4448
15	45433098	45433119	21	+	hsa-miR-147b-3p	0	14.2856	0	10.5522	5.07436	0	0	15.3514
15	45433061	45433083	22	+	hsa-miR-147b-5p	111.421	3.57139	0	1.31903	2.53718	0	0	5.58232
7	25949922	25949944	22	-	hsa-miR-148a-3p	668.524	11099.9	2941.56	9077.55	10965.7	2305.15	4599.82	10308.5
7	25949960	25949982	22	-	hsa-miR-148a-5p	0	7.14279	64.6496	25.0615	7.61153	311.507	0	21.6315
12	54337278	54337300	22	+	hsa-miR-148b-3p	1782.73	10533.2	4040.6	6100.5	9414.62	3488.88	3679.85	7100.72
2	240456015	240456038	23	+	hsa-miR-149-5p	0	189.284	969.744	576.415	373.811	1183.73	613.309	512.178
19	49500832	49500854	22	-	hsa-miR-150-5p	1114.21	13.0951	32.3248	15.8283	5.92008	311.507	0	9.76907
8	140732587	140732608	21	-	hsa-miR-151a-3p	779.944	1864.27	4460.82	2095.94	1836.92	2990.47	306.654	2332.02
8	140732623	140732644	21	-	hsa-miR-151a-5p	0	115.475	129.299	122.67	107.407	311.507	0	130.487
17	48037174	48037195	21	-	hsa-miR-152-3p	1225.63	478.567	193.949	96.289	471.069	0	613.309	168.865
2	219294126	219294148	22	-	hsa-miR-153-3p	0	27.3807	0	15.8283	20.2974	0	0	7.67569
14	101059805	101059827	22	+	hsa-miR-154-3p	0	0	0	21.1044	0	0	0	24.4227
14	101059769	101059791	22	+	hsa-miR-154-5p	111.421	1.19046	0	262.487	0.845726	62.3014	0	249.111
21	25573983	25574007	24	+	hsa-miR-155-5p	1114.21	2.38093	1874.84	365.371	14.3773	1370.63	306.654	532.414
13	50049130	50049152	22	-	hsa-miR-15a-3p	0	27.3807	0	21.1044	36.3662	62.3014	0	28.6094
13	50049167	50049189	22	-	hsa-miR-15a-5p	445.682	2377.36	161.624	1685.72	2961.73	186.904	0	1696.33
3	160404645	160404667	22	+	hsa-miR-15b-3p	0	1788.08	1551.59	2978.37	1650.01	1059.12	919.963	3229.37
3	160404607	160404629	22	+	hsa-miR-15b-5p	1225.63	5003.52	2909.23	8986.54	5619.85	1495.23	919.963	7490.78
13	50048985	50049007	22	-	hsa-miR-16-1-3p	0	129.761	129.299	77.8227	149.694	186.904	306.654	93.5039
3	160404797	160404819	22	+	hsa-miR-16-2-3p	0	89.2849	129.299	134.541	76.9611	124.603	0	143.047
3	160404754	160404776	22	+	hsa-miR-16-5p	21392.8	82332.5	67170.9	90291.4	86357.1	35636.4	26065.6	86433.2
13	91350655	91350677	22	+	hsa-miR-17-3p	0	71.4279	193.949	116.074	54.9722	311.507	306.654	119.322
13	91350618	91350641	23	+	hsa-miR-17-5p	334.262	2028.55	1680.89	2371.61	1643.25	934.521	613.309	3100.28
9	124692518	124692540	22	+	hsa-miR-181a-2-3p	779.944	1890.46	129.299	25.0615	1339.63	249.206	1226.62	19.5381
1	198859069	198859091	22	-	hsa-miR-181a-3p	334.262	209.522	0	0	280.781	62.3014	306.654	0
1	198859108	198859131	23	-	hsa-miR-181a-5p	557.103	76.1898	0	0	48.2064	0	919.963	1.39558
9	124693763	124693783	20	+	hsa-miR-181b-2-3p	0	97.6181	0	6.59514	58.3551	0	0	2.79116
1	198858887	198858908	21	-	hsa-miR-181b-3p	111.421	19.0474	0	0	30.4461	0	0	0
1	198858925	198858948	23	-	hsa-miR-181b-5p	2228.41	53.5709	0	1.31903	43.132	0	0	0
19	13874763	13874785	22	+	hsa-miR-181c-3p	0	58.3328	32.3248	5.27611	25.3718	0	0	8.37349
19	13874725	13874747	22	+	hsa-miR-181c-5p	0	3.57139	0	1.31903	5.07436	62.3014	0	0.69779
19	13874910	13874933	23	+	hsa-miR-181d-5p	0	29.7616	32.3248	3.95708	26.2175	0	0	2.79116
7	129770406	129770427	21	-	hsa-miR-182-3p	0	22.6188	0	15.8283	20.2974	0	0	13.258
7	129770447	129770471	24	-	hsa-miR-182-5p	1225.63	6704.7	3458.75	2979.68	7665.66	1557.54	7973.01	3121.22
7	129774928	129774950	22	-	hsa-miR-183-3p	0	20.2379	0	11.8713	26.2175	0	0	6.28011
7	129774967	129774989	22	-	hsa-miR-183-5p	557.103	2535.69	2844.58	1419.27	2798.51	1183.73	5826.43	1432.56
22	20033188	20033210	22	+	hsa-miR-185-3p	0	5.95232	32.3248	0	8.45726	186.904	0	0.69779
22	20033153	20033175	22	+	hsa-miR-185-5p	1448.47	1388.08	872.77	804.607	1455.49	2678.96	1533.27	747.334
1	71067642	71067664	22	-	hsa-miR-186-3p	0	19.0474	64.6496	21.1044	25.3718	0	0	27.2138
1	71067681	71067703	22	-	hsa-miR-186-5p	1559.89	2133.31	6626.58	2210.69	1896.96	8223.79	2453.24	2371.79
X	50003556	50003577	21	+	hsa-miR-188-3p	0	35.7139	0	10.5522	19.4517	0	0	16.747
X	50003517	50003538	21	+	hsa-miR-188-5p	111.421	132.142	0	35.6138	91.3384	0	0	50.9387
13	91350797	91350820	23	+	hsa-miR-18a-3p	0	35.7139	420.222	54.0801	39.7491	373.808	0	60.7078
13	91350756	91350779	23	+	hsa-miR-18a-5p	111.421	1216.66	808.12	1499.73	833.886	560.713	0	1904.97
X	134170042	134170064	22	-	hsa-miR-18b-3p	0	8.33325	0	0	10.1487	0	0	0
X	134170084	134170107	23	-	hsa-miR-18b-5p	0	702.374	32.3248	15.8283	815.28	0	306.654	19.5381
15	62824008	62824029	21	+	hsa-miR-190a-3p	0	3.57139	0	13.1903	6.76581	0	0	5.58232
15	62823971	62823993	22	+	hsa-miR-190a-5p	0	70.2374	129.299	44.847	90.4927	0	0	57.9166
1	154193712	154193734	22	-	hsa-miR-190b-5p	222.841	102.38	32.3248	27.6996	64.2752	62.3014	0	36.9829
3	49020631	49020653	22	-	hsa-miR-191-3p	222.841	446.424	646.496	254.572	350.131	872.22	0	226.084
3	49020672	49020695	23	-	hsa-miR-191-5p	18050.1	22442.6	54402.6	14695.3	19254.6	46165.3	27598.9	11977.6
11	64891159	64891181	22	-	hsa-miR-192-3p	0	63.0946	0	1.31903	49.0521	0	0	3.48895
11	64891203	64891224	21	-	hsa-miR-192-5p	445.682	3882.11	387.898	477.488	3613.79	62.3014	306.654	565.21
17	31560050	31560072	22	+	hsa-miR-193a-3p	0	7.14279	0	17.1474	7.61153	62.3014	0	9.76907
17	31560016	31560038	22	+	hsa-miR-193a-5p	222.841	58.3328	549.522	130.584	39.7491	1121.43	613.309	103.971
16	14304017	14304039	22	+	hsa-miR-193b-3p	0	23.8093	0	36.9328	30.4461	124.603	0	25.1205
16	14303980	14304002	22	+	hsa-miR-193b-5p	0	48.8091	290.923	71.2275	38.9034	436.11	0	45.3564
11	64891368	64891390	22	-	hsa-miR-194-3p	0	26.1902	0	2.63806	10.9944	0	0	0.69779
1	220118206	220118228	22	-	hsa-miR-194-5p	0	234.522	32.3248	64.6324	284.164	124.603	306.654	46.0542
17	7017628	7017650	22	-	hsa-miR-195-3p	0	5.95232	226.274	17.1474	8.45726	0	0	20.2359
17	7017667	7017688	21	-	hsa-miR-195-5p	111.421	82.1421	32.3248	84.4178	45.6692	0	0	66.9879
12	53991799	53991821	22	+	hsa-miR-196a-3p	0	9.52372	0	2.63806	9.30299	0	0	3.48895
12	53991762	53991784	22	+	hsa-miR-196a-5p	111.421	4315.44	2909.23	3228.98	3782.09	2242.85	919.963	3308.92
7	27169528	27169550	22	-	hsa-miR-196b-5p	0	4.76186	484.872	521.016	4.22863	124.603	919.963	527.53
1	109598940	109598962	22	+	hsa-miR-197-3p	334.262	89.2849	1325.32	180.707	71.041	2865.87	0	143.745
1	109598901	109598924	23	+	hsa-miR-197-5p	334.262	1.19046	96.9744	0	0	186.904	306.654	0
1	172144554	172144576	22	-	hsa-miR-199a-3p	2116.99	11383.2	420.222	68.5895	9476.36	186.904	5213.12	80.2459
1	172144592	172144615	23	-	hsa-miR-199a-5p	668.524	2195.22	32.3248	2.63806	1805.63	0	919.963	0
9	128244745	128244767	22	-	hsa-miR-199b-3p	3008.36	11138	193.949	71.2275	9511.88	62.3014	4293.16	82.3393
9	128244783	128244806	23	-	hsa-miR-199b-5p	111.421	702.374	193.949	303.376	751.005	62.3014	0	368.433
13	91350939	91350962	23	+	hsa-miR-19a-3p	445.682	6803.51	1196.02	7844.26	6522.24	311.507	613.309	11441.7
13	91350904	91350926	22	+	hsa-miR-19a-5p	0	3.57139	0	6.59514	2.53718	0	0	2.79116
13	91351207	91351230	23	+	hsa-miR-19b-1-5p	0	28.5712	96.9744	55.3992	37.2119	124.603	0	64.8945
13	91351245	91351268	23	+	hsa-miR-19b-3p	1002.79	30049.7	2262.74	13922.3	37567.2	996.823	1226.62	18018.3
1	1167160	1167182	22	+	hsa-miR-200b-3p	0	1.19046	0	5.27611	1.69145	124.603	919.963	0
12	6963742	6963765	23	+	hsa-miR-200c-3p	557.103	84.523	290.923	40.8899	60.0465	249.206	4599.82	50.2409
12	6963703	6963725	22	+	hsa-miR-200c-5p	0	7.14279	0	7.91417	4.22863	0	0	2.09337
14	104117469	104117491	22	+	hsa-miR-203a-3p	779.944	47.6186	2521.33	2165.84	71.041	27973.3	613.309	2073.83
9	70810031	70810053	22	-	hsa-miR-204-5p	0	5.95232	0	0	6.76581	0	0	0.69779
1	209432166	209432188	22	+	hsa-miR-205-5p	557.103	0	452.547	0	0	17319.8	0	0.69779
13	91351108	91351130	22	+	hsa-miR-20a-3p	0	34.5235	64.6496	46.166	26.2175	0	0	52.3343
13	91351072	91351095	23	+	hsa-miR-20a-5p	2451.25	13799.9	13964.3	20138.9	11234.6	6915.46	3373.2	20325.2
X	134169813	134169835	22	-	hsa-miR-20b-3p	0	5.95232	0	0	15.2231	0	0	0
X	134169850	134169873	23	-	hsa-miR-20b-5p	6685.24	71054.1	1486.94	1879.61	88857.1	809.918	6746.4	1613.99
17	59841311	59841332	21	+	hsa-miR-21-3p	779.944	2178.55	3717.35	2736.98	2241.17	9407.51	306.654	2985.15
17	59841273	59841295	22	+	hsa-miR-21-5p	33426.2	152688	64843.5	125767	135760	46040.7	25452.3	136398
11	568112	568134	22	-	hsa-miR-210-3p	111.421	208.331	1099.04	2705.33	208.894	2242.85	0	2419.94
15	59171229	59171250	21	-	hsa-miR-2116-5p	0	4.76186	0	3.95708	0.845726	0	0	2.09337
17	2050290	2050311	21	-	hsa-miR-212-3p	0	7.14279	0	0	5.92008	0	0	0.69779
17	2050328	2050351	23	-	hsa-miR-212-5p	0	10.7142	0	3.95708	12.6859	62.3014	0	5.58232
1	172138816	172138838	22	-	hsa-miR-214-3p	445.682	55.9518	0	0	28.7547	0	613.309	0
1	172138857	172138879	22	-	hsa-miR-214-5p	111.421	129.761	0	0	132.779	0	0	0
4	20528299	20528320	21	+	hsa-miR-218-5p	111.421	791.659	0	6.59514	936.219	0	0	8.37349
9	128392676	128392699	23	+	hsa-miR-219b-3p	0	4.76186	0	2.63806	0	0	0	6.28011
9	128392634	128392656	22	+	hsa-miR-219b-5p	0	3.57139	32.3248	6.59514	5.92008	0	0	6.28011
17	1713914	1713936	22	-	hsa-miR-22-3p	779.944	209.522	1325.32	703.042	182.677	2118.25	919.963	601.495
17	1713952	1713974	22	-	hsa-miR-22-5p	0	11.9046	0	54.0801	12.6859	0	0	41.8674
X	45746180	45746203	23	-	hsa-miR-221-3p	16156	8524.92	71146.9	34887	9403.63	122360	10119.6	31231.7
X	45746221	45746243	22	-	hsa-miR-221-5p	334.262	3.57139	290.923	35.6138	5.07436	934.521	306.654	26.516
X	45747036	45747057	21	-	hsa-miR-222-3p	445.682	253.569	1583.92	294.143	216.506	2554.36	306.654	318.89
X	45747073	45747095	22	-	hsa-miR-222-5p	0	30.9521	1713.21	54.0801	21.9889	2990.47	306.654	50.9387
X	66018937	66018959	22	+	hsa-miR-223-3p	1782.73	0	258.598	1.31903	0	560.713	3066.54	0
X	151958628	151958653	25	-	hsa-miR-224-5p	1002.79	877.373	1002.07	1023.57	810.206	623.014	306.654	879.914
5	93620748	93620772	24	-	hsa-miR-2277-5p	445.682	21.4284	32.3248	0	29.6004	124.603	0	9.07128
9	94809977	94809999	22	+	hsa-miR-2278	0	8.33325	0	1.31903	10.1487	0	0	2.79116
2	207109999	207110021	22	-	hsa-miR-2355-3p	0	7.14279	64.6496	13.1903	5.07436	62.3014	0	20.2359
19	13836595	13836616	21	-	hsa-miR-23a-3p	3676.88	3749.96	4525.47	2503.52	3587.57	8348.39	7359.71	2464.6
19	13836630	13836652	22	-	hsa-miR-23a-5p	111.421	2.38093	32.3248	11.8713	3.3829	186.904	0	4.18674
9	95085265	95085288	23	+	hsa-miR-23b-3p	1337.05	492.852	2133.44	1080.28	532.807	3862.69	3373.2	777.339
9	95085227	95085249	22	+	hsa-miR-23b-5p	0	1.19046	96.9744	17.1474	11.8402	186.904	0	20.2359
9	95086064	95086086	22	+	hsa-miR-24-3p	1894.15	2869.02	2295.06	2489.01	2404.4	1931.34	1226.62	2310.38
7	100093571	100093593	22	-	hsa-miR-25-3p	6685.24	26739	39565.6	26366.1	28284.5	34328.1	12879.5	28180.3
7	100093610	100093631	21	-	hsa-miR-25-5p	1225.63	97.6181	5980.09	98.9271	104.87	13644	1226.62	71.1746
1	98045271	98045293	22	-	hsa-miR-2682-3p	0	9.52372	0	0	1.69145	0	0	0
3	37969452	37969474	22	+	hsa-miR-26a-1-3p	0	55.9518	193.949	98.9271	86.2641	311.507	0	117.229
12	57824620	57824642	22	-	hsa-miR-26a-2-3p	0	278.569	226.274	189.94	277.398	124.603	306.654	170.261
3	37969413	37969435	22	+	hsa-miR-26a-5p	3454.04	7033.27	5268.94	3668.22	6707.45	5669.43	3679.85	3354.28
2	218402692	218402713	21	+	hsa-miR-26b-3p	0	11.9046	0	14.5093	10.1487	0	0	5.58232
2	218402657	218402678	21	+	hsa-miR-26b-5p	1894.15	1738.08	1713.21	904.853	1414.9	1993.65	3066.54	1018.08
19	13836447	13836468	21	-	hsa-miR-27a-3p	4233.98	10343.9	5236.62	7799.41	8458.95	3115.07	3373.2	7830.6
19	13836487	13836509	22	-	hsa-miR-27a-5p	668.524	173.808	1357.64	451.108	178.448	2492.06	613.309	434.026
9	95085505	95085526	21	+	hsa-miR-27b-3p	2785.52	6048.75	8986.29	12650.8	6966.25	6043.24	11039.6	11233
9	95085463	95085485	22	+	hsa-miR-27b-5p	0	9.52372	129.299	23.7425	6.76581	249.206	0	30.7028
3	188688834	188688856	22	+	hsa-miR-28-3p	1114.21	1488.08	4137.57	1138.32	1410.67	1682.14	1839.93	1124.14
3	188688794	188688816	22	+	hsa-miR-28-5p	111.421	35.7139	32.3248	19.7854	27.0632	0	0	15.3514
20	58817626	58817648	22	-	hsa-miR-296-3p	111.421	67.8565	872.77	168.836	67.6581	2055.95	0	154.909
20	58817661	58817682	21	-	hsa-miR-296-5p	222.841	26.1902	355.573	108.16	23.6803	124.603	306.654	61.4056
14	101023832	101023854	22	+	hsa-miR-299-3p	0	1.19046	129.299	368.009	0.845726	186.904	0	441.004
14	101023800	101023822	22	+	hsa-miR-299-5p	222.841	0	193.949	320.524	1.69145	560.713	306.654	228.875
7	130876748	130876770	22	-	hsa-miR-29a-3p	22172.7	60468.5	41796	108532	79784.9	22428.5	13799.4	110759
7	130876786	130876808	22	-	hsa-miR-29a-5p	111.421	30.9521	64.6496	52.7611	38.9034	62.3014	0	50.2409
7	130877507	130877531	24	-	hsa-miR-29b-1-5p	0	160.713	517.197	397.027	205.511	934.521	0	385.878
1	207802492	207802514	22	-	hsa-miR-29b-2-5p	0	8.33325	0	1.31903	8.45726	0	0	4.18674
1	207802450	207802473	23	-	hsa-miR-29b-3p	2896.94	15779.6	3878.98	22922.1	16434.1	1744.44	1839.93	23937.7
1	207801865	207801887	22	-	hsa-miR-29c-3p	2005.57	8670.16	1292.99	5003.07	9797.74	934.521	2146.58	6135.67
1	207801903	207801925	22	-	hsa-miR-29c-5p	0	91.6658	32.3248	63.3133	105.716	0	0	53.0321
17	59151149	59151172	23	-	hsa-miR-301a-3p	111.421	3029.73	581.846	1499.73	2297.84	373.808	1533.27	1687.96
17	59151187	59151209	22	-	hsa-miR-301a-5p	222.841	472.615	646.496	217.64	309.536	249.206	0	261.671
22	21653025	21653048	23	+	hsa-miR-301b-3p	111.421	179.76	0	69.9085	102.333	0	0	77.4547
22	21652990	21653012	22	+	hsa-miR-301b-5p	445.682	49.9995	96.9744	17.1474	24.5261	62.3014	0	11.1646
17	64500817	64500838	21	-	hsa-miR-3064-5p	0	3.57139	32.3248	1.31903	2.53718	0	0	4.88453
17	81125926	81125949	23	+	hsa-miR-3065-3p	0	63.0946	0	6.59514	91.3384	0	0	7.67569
17	81125886	81125909	23	+	hsa-miR-3065-5p	0	142.856	0	10.5522	198.746	0	306.654	12.5602
6	71403554	71403576	22	-	hsa-miR-30a-3p	2562.67	9492.77	96.9744	108.16	7251.26	62.3014	2759.89	84.4326
6	71403595	71403617	22	-	hsa-miR-30a-5p	2785.52	8120.16	258.598	31.6567	5153.01	249.206	3373.2	53.0321
8	134800532	134800554	22	-	hsa-miR-30b-3p	0	8.33325	0	56.7182	5.92008	62.3014	0	41.1696
8	134800570	134800592	22	-	hsa-miR-30b-5p	557.103	1264.27	969.744	2751.49	1233.91	1619.84	1226.62	3247.52
1	40757339	40757361	22	+	hsa-miR-30c-1-3p	0	185.713	161.624	122.67	215.66	249.206	0	115.833
6	71376964	71376986	22	-	hsa-miR-30c-2-3p	334.262	829.754	0	13.1903	564.945	0	613.309	3.48895
1	40757300	40757323	23	+	hsa-miR-30c-5p	668.524	4058.29	355.573	497.274	2648.81	373.808	613.309	517.761
8	134804879	134804901	22	-	hsa-miR-30d-3p	0	98.8086	32.3248	242.701	103.179	186.904	306.654	427.746
8	134804919	134804941	22	-	hsa-miR-30d-5p	668.524	461.9	1519.27	542.121	420.326	685.316	4293.16	515.667
1	40754413	40754435	22	+	hsa-miR-30e-3p	779.944	3092.83	3135.51	1759.58	3458.17	2865.87	919.963	2158.27
1	40754371	40754393	22	+	hsa-miR-30e-5p	445.682	2152.36	484.872	550.035	1718.52	373.808	1226.62	678.95
9	21512158	21512179	21	-	hsa-miR-31-5p	779.944	0	32.3248	0	1.69145	124.603	1226.62	0
1	23044310	23044330	20	+	hsa-miR-3115	0	11.9046	0	6.59514	4.22863	0	0	8.37349
2	189133044	189133066	22	-	hsa-miR-3129-3p	0	58.3328	0	0	64.2752	0	0	0.69779
2	189133082	189133104	22	-	hsa-miR-3129-5p	0	97.6181	0	1.31903	89.647	0	0	0
2	219058725	219058748	23	-	hsa-miR-3131	0	3.57139	0	1.31903	2.53718	0	0	2.09337
3	69049004	69049027	23	-	hsa-miR-3136-5p	0	17.857	64.6496	5.27611	10.9944	0	0	8.37349
4	152489336	152489358	22	-	hsa-miR-3140-3p	0	2.38093	0	6.59514	2.53718	0	0	2.79116
6	27147629	27147654	25	+	hsa-miR-3143	0	10.7142	0	5.27611	11.8402	0	0	4.18674
8	95072925	95072947	22	+	hsa-miR-3150a-5p	111.421	1.19046	0	5.27611	4.22863	0	0	2.09337
10	96064369	96064391	22	-	hsa-miR-3157-5p	0	13.0951	32.3248	21.1044	10.9944	62.3014	0	11.8624
11	66934476	66934498	22	-	hsa-miR-3163	0	2.38093	0	5.27611	0.845726	0	0	3.48895
14	27633246	27633270	24	-	hsa-miR-3171	0	2.38093	0	0	0.845726	0	0	6.28011
14	95137961	95137983	22	-	hsa-miR-3173-5p	0	3.57139	32.3248	2.63806	4.22863	0	0	3.48895
16	2136076	2136095	19	-	hsa-miR-3180	111.421	0	32.3248	9.2332	5.07436	373.808	306.654	4.18674
16	14911281	14911303	22	+	hsa-miR-3180-3p	111.421	7.14279	129.299	13.1903	4.22863	311.507	0	11.1646
16	14911237	14911262	25	+	hsa-miR-3180-5p	0	1.19046	161.624	6.59514	2.53718	186.904	306.654	4.18674
16	83508349	83508366	17	+	hsa-miR-3182	14261.8	71.4279	1745.54	65.9514	54.1265	20248	14106.1	45.3564
20	62064812	62064829	17	+	hsa-miR-3195	11364.9	0	1260.67	1.31903	0	3862.69	11959.5	0
9	109046231	109046253	22	-	hsa-miR-32-3p	0	129.761	129.299	109.479	147.156	124.603	0	144.443
9	109046272	109046294	22	-	hsa-miR-32-5p	111.421	652.375	517.197	646.324	767.919	249.206	0	669.879
22	30731610	30731632	22	+	hsa-miR-3200-3p	0	78.5707	129.299	38.2518	80.344	62.3014	0	39.0763
8	22244975	22244997	22	-	hsa-miR-320a-3p	1894.15	445.234	5398.24	473.531	408.486	9282.91	1533.27	363.549
1	116671787	116671809	22	+	hsa-miR-320b	334.262	13.0951	226.274	5.27611	11.8402	560.713	0	4.88453
18	21683559	21683579	20	+	hsa-miR-320c	222.841	10.7142	96.9744	5.27611	9.30299	373.808	306.654	9.07128
13	40727828	40727847	19	-	hsa-miR-320d	334.262	13.0951	32.3248	1.31903	6.76581	249.206	0	2.09337
14	101025782	101025803	21	+	hsa-miR-323a-3p	222.841	0	96.9744	532.887	0	186.904	0	630.803
14	101056269	101056291	22	+	hsa-miR-323b-3p	222.841	1.19046	64.6496	164.879	0	124.603	0	161.887
17	7223308	7223331	23	-	hsa-miR-324-3p	445.682	298.807	840.445	131.903	186.905	1308.33	0	116.531
17	7223343	7223365	22	-	hsa-miR-324-5p	334.262	163.094	193.949	73.8656	126.859	436.11	306.654	77.4547
11	75335108	75335128	20	-	hsa-miR-326	0	5.95232	0	1.31903	2.53718	124.603	0	2.09337
16	67202327	67202349	22	-	hsa-miR-328-3p	0	19.0474	161.624	42.2089	19.4517	498.411	0	20.9337
14	101026834	101026856	22	+	hsa-miR-329-3p	111.421	0	32.3248	81.7797	0	0	0	72.5702
14	101026797	101026820	23	+	hsa-miR-329-5p	0	0	0	3.95708	0	62.3014	0	6.28011
19	45639009	45639032	23	-	hsa-miR-330-3p	0	11.9046	0	3.95708	21.1432	0	306.654	4.88453
19	45639049	45639071	22	-	hsa-miR-330-5p	111.421	36.9044	0	19.7854	22.8346	124.603	0	15.3514
12	95308480	95308501	21	+	hsa-miR-331-3p	222.841	105.951	161.624	142.455	82.8812	186.904	306.654	115.135
12	95308445	95308467	22	+	hsa-miR-331-5p	0	5.95232	32.3248	19.7854	9.30299	124.603	0	13.9558
7	130496162	130496184	22	+	hsa-miR-335-3p	0	19.0474	96.9744	79.1417	26.2175	186.904	0	73.268
7	130496126	130496149	23	+	hsa-miR-335-5p	111.421	357.139	905.094	1578.88	400.874	809.918	0	1295.8
14	100874553	100874575	22	+	hsa-miR-337-3p	111.421	0	0	68.5895	0	0	0	78.8503
14	100874515	100874536	21	+	hsa-miR-337-5p	557.103	0	258.598	572.458	0	186.904	0	475.893
17	81125887	81125909	22	-	hsa-miR-338-3p	0	334.521	0	1.31903	312.073	0	0	2.09337
7	1022955	1022978	23	-	hsa-miR-339-3p	0	95.2372	323.248	170.155	114.173	685.316	306.654	153.514
7	1022990	1023013	23	-	hsa-miR-339-5p	334.262	538.09	2230.41	755.803	559.871	4174.19	306.654	697.093
22	41900989	41901011	22	+	hsa-miR-33a-3p	0	99.999	0	29.0186	70.1953	0	0	38.3785
22	41900949	41900970	21	+	hsa-miR-33a-5p	222.841	613.089	226.274	180.707	839.806	311.507	0	180.03
17	17813857	17813879	22	-	hsa-miR-33b-3p	0	14.2856	96.9744	7.91417	5.07436	62.3014	0	12.5602
17	17813897	17813917	20	-	hsa-miR-33b-5p	0	14.2856	32.3248	7.91417	16.0688	0	0	9.07128
5	180015319	180015341	22	-	hsa-miR-340-3p	0	5.95232	32.3248	6.59514	12.6859	0	0	5.58232
5	180015361	180015383	22	-	hsa-miR-340-5p	111.421	3359.49	549.522	2622.23	3801.54	560.713	306.654	3713.64
14	100109715	100109738	23	+	hsa-miR-342-3p	779.944	382.139	1131.37	141.136	279.935	1744.44	1226.62	104.669
14	100307876	100307898	22	+	hsa-miR-345-5p	222.841	70.2374	96.9744	59.3563	57.5094	436.11	306.654	59.3122
10	86264747	86264770	23	-	hsa-miR-346	0	2.38093	0	0	5.92008	0	0	0.69779
1	9151693	9151715	22	-	hsa-miR-34a-3p	0	0	0	10.5522	0	62.3014	0	6.28011
1	9151735	9151757	22	-	hsa-miR-34a-5p	2896.94	2.38093	258.598	836.264	5.92008	311.507	919.963	794.086
11	111513451	111513474	23	+	hsa-miR-34c-5p	0	0	96.9744	141.136	0	124.603	306.654	125.602
1	33332405	33332428	23	-	hsa-miR-3605-3p	0	2.38093	0	31.6567	3.3829	124.603	0	28.6094
X	85903641	85903664	23	-	hsa-miR-361-3p	0	139.284	226.274	87.0559	139.545	186.904	0	96.2951
X	85903681	85903703	22	-	hsa-miR-361-5p	334.262	2135.69	3329.45	1873.02	2063.57	1308.33	613.309	1433.26
10	35079609	35079630	21	-	hsa-miR-3611	0	11.9046	0	9.2332	18.606	0	0	4.18674
13	49996426	49996450	24	-	hsa-miR-3613-3p	0	1.19046	0	7.91417	1.69145	62.3014	0	3.48895
13	49996465	49996487	22	-	hsa-miR-3613-5p	111.421	202.379	0	142.455	187.751	0	0	166.074
X	50009005	50009027	22	+	hsa-miR-362-3p	0	102.38	64.6496	42.2089	90.4927	0	306.654	60.01
X	50008968	50008992	24	+	hsa-miR-362-5p	0	146.427	161.624	135.86	134.47	62.3014	306.654	90.015
9	137169236	137169256	20	-	hsa-miR-3621	668.524	0	452.547	7.91417	0.845726	685.316	306.654	0.69779
X	134169382	134169404	22	-	hsa-miR-363-3p	1782.73	10836.8	905.094	327.119	14602.3	498.411	5826.43	269.347
X	134169425	134169447	22	-	hsa-miR-363-5p	557.103	39.2853	0	1.31903	48.2064	0	0	0
9	92292461	92292485	24	-	hsa-miR-3651	1559.89	1.19046	161.624	0	0.845726	0	613.309	0
12	112037627	112037648	21	-	hsa-miR-3657	0	7.14279	0	0	5.92008	0	0	0.69779
16	14309340	14309362	22	+	hsa-miR-365a-3p	0	607.137	129.299	936.51	527.733	436.11	0	734.773
16	14309300	14309323	23	+	hsa-miR-365a-5p	0	2.38093	96.9744	5.27611	0.845726	124.603	306.654	6.9779
17	31575478	31575500	22	+	hsa-miR-365b-3p	111.421	523.805	355.573	832.307	504.053	436.11	306.654	652.434
6	134979355	134979379	24	-	hsa-miR-3662	0	42.8567	0	30.3376	43.132	0	0	43.9608
22	49543401	49543423	22	-	hsa-miR-3667-3p	0	2.38093	0	6.59514	5.07436	62.3014	0	6.9779
2	134127130	134127153	23	+	hsa-miR-3679-5p	0	3.57139	0	0	7.61153	0	306.654	2.09337
4	98997434	98997455	21	+	hsa-miR-3684	0	11.9046	0	3.95708	5.92008	0	0	3.48895
4	159128814	159128836	22	-	hsa-miR-3688-3p	0	8.33325	0	2.63806	16.9145	0	0	2.79116
9	134849494	134849516	22	-	hsa-miR-3689a-3p	0	0	0	3.95708	0	0	0	8.37349
9	134849534	134849556	22	-	hsa-miR-3689a-5p	0	0	1616.24	857.368	0	1370.63	0	1097.62
9	134850206	134850228	22	-	hsa-miR-3689b-5p	0	0	1066.72	879.792	0	1869.04	0	1111.58
9	134850614	134850636	22	-	hsa-miR-3689e	0	0	1389.97	808.564	0	1059.12	0	1080.88
9	134850783	134850805	22	-	hsa-miR-3689f	0	0	4008.28	813.84	0	3301.97	0	1036.22
14	101065641	101065662	21	+	hsa-miR-369-3p	222.841	0	258.598	371.966	0	62.3014	0	429.839
14	101065606	101065628	22	+	hsa-miR-369-5p	0	1.19046	161.624	327.119	0	311.507	0	279.116
14	100911186	100911208	22	+	hsa-miR-370-3p	0	0	1325.32	121.351	0	1183.73	0	103.273
14	100911151	100911173	22	+	hsa-miR-370-5p	0	0	32.3248	17.1474	0	0	0	15.3514
X	74287295	74287317	22	-	hsa-miR-374a-3p	111.421	3948.77	743.47	2680.26	4437.52	498.411	0	3520.35
X	74287325	74287347	22	-	hsa-miR-374a-5p	557.103	5532.09	1260.67	5541.24	6519.7	560.713	613.309	6586.44
X	74218557	74218579	22	-	hsa-miR-374b-3p	0	504.757	323.248	423.408	416.097	124.603	0	415.883
X	74218587	74218609	22	-	hsa-miR-374b-5p	222.841	714.279	711.146	716.232	758.616	249.206	0	711.048
2	219001648	219001670	22	-	hsa-miR-375-3p	222.841	38.0949	32.3248	15.8283	56.6636	186.904	9506.29	7.67569
14	101040118	101040139	21	+	hsa-miR-376a-3p	668.524	2.38093	1292.99	1466.76	0.845726	747.617	0	1507.23
14	101040788	101040810	22	+	hsa-miR-376a-5p	0	0	0	14.5093	0	0	0	9.76907
14	101040497	101040519	22	+	hsa-miR-376b-3p	779.944	0	226.274	739.975	0.845726	809.918	0	840.14
14	101040459	101040481	22	+	hsa-miR-376b-5p	0	0	32.3248	47.485	0	0	0	47.4498
14	101039732	101039753	21	+	hsa-miR-376c-3p	0	1.19046	258.598	1044.67	0.845726	249.206	613.309	805.25
14	101062094	101062116	22	+	hsa-miR-377-3p	0	0	96.9744	69.9085	0.845726	186.904	0	71.8724
5	149732867	149732889	22	+	hsa-miR-378a-3p	1002.79	1149.99	1034.39	373.285	1012.33	1495.23	613.309	323.077
5	149732829	149732851	22	+	hsa-miR-378a-5p	445.682	980.943	484.872	559.268	961.591	560.713	0	406.812
10	130962634	130962659	25	-	hsa-miR-378c	334.262	120.237	0	18.4664	110.79	62.3014	613.309	32.7962
4	5923279	5923299	20	-	hsa-miR-378d	111.421	15.476	32.3248	6.59514	14.3773	0	0	2.79116
14	101022109	101022131	22	+	hsa-miR-379-3p	0	0	0	50.1231	0	0	0	49.5431
14	101022071	101022092	21	+	hsa-miR-379-5p	891.365	1.19046	1196.02	2247.62	5.07436	373.808	0	2685.8
14	101025056	101025078	22	+	hsa-miR-380-3p	0	0	0	22.4235	0	0	0	19.5381
14	101045968	101045990	22	+	hsa-miR-381-3p	111.421	3.57139	4654.77	2264.77	5.92008	1869.04	0	2386.44
14	101054352	101054373	21	+	hsa-miR-382-3p	111.421	0	0	14.5093	0	0	0	13.258
14	101054316	101054338	22	+	hsa-miR-382-5p	1559.89	1.19046	1389.97	958.933	1.69145	1059.12	0	1260.91
22	35335710	35335732	22	+	hsa-miR-3909	0	1.19046	0	3.95708	5.92008	0	0	3.48895
5	171386678	171386699	21	-	hsa-miR-3912-3p	0	1.19046	0	6.59514	2.53718	0	0	6.28011
22	31160062	31160084	22	-	hsa-miR-3928-3p	0	2.38093	32.3248	5.27611	4.22863	124.603	0	15.3514
6	33698191	33698213	22	+	hsa-miR-3934-3p	0	0	64.6496	3.95708	0.845726	0	0	3.48895
19	6416434	6416456	22	-	hsa-miR-3940-3p	0	3.57139	0	1.31903	4.22863	0	0	2.79116
15	35372321	35372343	22	-	hsa-miR-3942-5p	0	5.95232	0	0	5.92008	0	0	2.09337
14	101065346	101065368	22	+	hsa-miR-409-3p	668.524	0	1939.49	1127.77	2.53718	996.823	0	1125.54
14	101065314	101065337	23	+	hsa-miR-409-5p	334.262	1.19046	161.624	116.074	0	62.3014	0	119.322
14	101065961	101065982	21	+	hsa-miR-410-3p	0	0	0	5.27611	0	0	0	6.28011
14	101065925	101065946	21	+	hsa-miR-410-5p	0	0	0	5.27611	0	186.904	0	6.9779
14	101023375	101023397	22	+	hsa-miR-411-3p	0	0	0	7.91417	0	0	0	16.0492
14	101023340	101023361	21	+	hsa-miR-411-5p	668.524	1.19046	775.795	1193.72	1.69145	186.904	306.654	1307.66
14	101065465	101065488	23	+	hsa-miR-412-5p	0	0	0	51.4421	0	0	0	46.752
X	74218392	74218415	23	-	hsa-miR-421	222.841	799.992	711.146	523.654	705.336	498.411	1226.62	679.648
17	30117131	30117154	23	+	hsa-miR-423-3p	1671.31	359.52	3361.78	426.046	288.393	9719.02	613.309	344.708
17	30117095	30117118	23	+	hsa-miR-423-5p	4122.56	665.47	5915.44	788.779	538.727	13394.8	3373.2	589.633
X	134546644	134546665	21	-	hsa-miR-424-3p	0	19.0474	905.094	51.4421	31.2919	2554.36	0	34.1917
X	134546680	134546702	22	-	hsa-miR-424-5p	668.524	535.709	549.522	1197.68	783.142	560.713	613.309	1325.1
3	49020159	49020181	22	-	hsa-miR-425-3p	668.524	520.233	517.197	238.744	396.646	498.411	613.309	242.831
3	49020199	49020222	23	-	hsa-miR-425-5p	2228.41	797.611	1357.64	371.966	607.231	1744.44	3066.54	290.281
1	1169055	1169077	22	+	hsa-miR-429	111.421	3.57139	32.3248	2.63806	2.53718	0	306.654	2.09337
14	100881069	100881091	22	+	hsa-miR-431-3p	0	0	129.299	21.1044	0	0	0	13.258
14	100881026	100881047	21	+	hsa-miR-431-5p	0	0	258.598	84.4178	0	124.603	0	125.602
14	100884496	100884519	23	+	hsa-miR-432-5p	445.682	0	1583.92	688.533	0	1183.73	0	822.695
3	48196572	48196589	17	+	hsa-miR-4443	3676.88	9.52372	258.598	3.95708	12.6859	124.603	3373.2	9.07128
4	52712720	52712742	22	+	hsa-miR-4449	2674.09	0	129.299	0	0.845726	186.904	5213.12	0
4	76573572	76573594	22	+	hsa-miR-4450	0	45.2377	0	0	36.3662	0	0	0
4	163093607	163093627	20	-	hsa-miR-4454	1671.31	15.476	32.3248	2.63806	7.61153	249.206	1839.93	13.9558
5	8460933	8460952	19	+	hsa-miR-4458	0	10.7142	0	5.27611	4.22863	0	0	2.79116
7	102471472	102471494	22	+	hsa-miR-4467	0	2.38093	0	3.95708	1.69145	0	0	2.79116
11	61508599	61508617	18	+	hsa-miR-4488	891.365	4.76186	1002.07	6.59514	0.845726	1308.33	919.963	0.69779
11	118910765	118910782	17	+	hsa-miR-4492	4345.4	5.95232	1422.29	6.59514	0	1432.93	4599.82	1.39558
12	109833350	109833367	17	+	hsa-miR-4497	84791.1	0	5365.92	0	0	13706.3	143821	0
5	55170586	55170608	22	-	hsa-miR-449a	0	121.427	32.3248	11.8713	74.4239	0	0	28.6094
5	55172313	55172338	25	-	hsa-miR-449c-5p	0	8.33325	0	0	1.69145	0	0	2.09337
15	23562107	23562124	17	-	hsa-miR-4508	3231.2	0	1196.02	2.63806	0	747.617	3066.54	1.39558
X	134540358	134540380	22	-	hsa-miR-450a-1-3p	0	13.0951	0	27.6996	10.9944	0	0	18.8403
X	134540529	134540551	22	-	hsa-miR-450a-2-3p	0	7.14279	0	15.8283	5.07436	0	0	6.9779
X	134540393	134540415	22	-	hsa-miR-450a-5p	0	7.14279	0	5.27611	3.3829	0	0	5.58232
X	134540231	134540253	22	-	hsa-miR-450b-5p	0	99.999	129.299	133.222	137.853	249.206	0	150.025
16	2133120	2133137	17	+	hsa-miR-4516	14261.8	7.14279	4816.4	72.5465	2.53718	5544.83	5519.78	7.67569
17	8186948	8186970	22	+	hsa-miR-4521	222.841	14.2856	0	6.59514	14.3773	124.603	613.309	7.67569
17	59137787	59137810	23	-	hsa-miR-454-3p	445.682	1008.32	258.598	418.132	832.194	311.507	0	430.537
17	59137828	59137850	22	-	hsa-miR-454-5p	111.421	72.6184	323.248	54.0801	81.1897	62.3014	0	86.526
9	114209487	114209508	21	+	hsa-miR-455-3p	111.421	39.2853	226.274	196.535	21.9889	373.808	306.654	261.671
9	114209449	114209471	22	+	hsa-miR-455-5p	334.262	279.759	1519.27	1489.18	245.261	2055.95	0	2105.93
8	124821990	124822012	22	+	hsa-miR-4662a-5p	0	1.19046	0	15.8283	1.69145	62.3014	0	16.747
10	72721072	72721094	22	+	hsa-miR-4676-3p	0	1.19046	0	7.91417	3.3829	62.3014	0	2.09337
1	243346225	243346247	22	+	hsa-miR-4677-3p	0	22.6188	0	9.2332	20.2974	0	0	8.37349
19	4445987	4446010	23	+	hsa-miR-4746-5p	0	4.76186	0	3.95708	12.6859	0	0	3.48895
22	40813893	40813914	21	-	hsa-miR-4766-3p	0	14.2856	0	3.95708	11.8402	0	0	11.1646
2	102432336	102432358	22	+	hsa-miR-4772-3p	0	0	64.6496	11.8713	0.845726	0	0	14.6536
2	207754816	207754838	22	+	hsa-miR-4775	0	4.76186	0	1.31903	2.53718	0	0	8.37349
2	127423546	127423569	23	-	hsa-miR-4783-3p	0	8.33325	0	0	11.8402	0	0	0
3	50675130	50675154	24	+	hsa-miR-4787-3p	0	4.76186	96.9744	1.31903	3.3829	0	0	0.69779
3	19314907	19314925	18	-	hsa-miR-4791	0	5.95232	0	3.95708	3.3829	0	0	3.48895
4	7310459	7310481	22	+	hsa-miR-4798-5p	0	0	0	21.1044	0	0	0	22.3293
16	15643301	15643323	22	+	hsa-miR-484	0	14.2856	129.299	9.2332	26.2175	809.918	0	5.58232
14	101055464	101055486	22	+	hsa-miR-485-3p	222.841	0	258.598	282.272	0	186.904	0	217.711
14	101055427	101055449	22	+	hsa-miR-485-5p	0	0	32.3248	5.27611	0	186.904	0	6.28011
8	41660484	41660506	22	-	hsa-miR-486-5p	334.262	0	32.3248	5.27611	0	62.3014	0	4.88453
14	101052494	101052516	22	+	hsa-miR-487a-3p	0	0	32.3248	15.8283	0	0	0	12.5602
14	101052458	101052480	22	+	hsa-miR-487a-5p	0	0	0	1.31903	0	0	0	6.28011
14	101046505	101046527	22	+	hsa-miR-487b-3p	0	0	161.624	224.235	0	124.603	0	202.359
14	101046469	101046491	22	+	hsa-miR-487b-5p	111.421	0	0	14.5093	0	186.904	0	11.8624
1	177029374	177029395	21	-	hsa-miR-488-3p	0	5.95232	0	2.63806	2.53718	0	0	1.39558
9	20716154	20716176	22	+	hsa-miR-491-3p	0	11.9046	0	13.1903	11.8402	0	0	13.9558
9	20716120	20716142	22	+	hsa-miR-491-5p	0	1.19046	64.6496	10.5522	10.1487	249.206	306.654	6.28011
14	100869116	100869138	22	+	hsa-miR-493-3p	0	0	161.624	360.095	0	62.3014	0	433.328
14	100869075	100869097	22	+	hsa-miR-493-5p	0	0	96.9744	325.8	0	373.808	0	371.225
14	101029681	101029703	22	+	hsa-miR-494-3p	334.262	1.19046	258.598	117.393	0	373.808	2146.58	85.1304
14	101033804	101033826	22	+	hsa-miR-495-3p	0	0	32.3248	3.95708	0	62.3014	0	3.48895
14	101033768	101033790	22	+	hsa-miR-495-5p	0	0	32.3248	32.9757	0	62.3014	0	23.7249
14	101060628	101060650	22	+	hsa-miR-496	0	0	0	19.7854	0	0	0	37.6807
17	7017938	7017960	22	-	hsa-miR-497-3p	111.421	1.19046	0	5.27611	2.53718	0	0	1.39558
17	7017979	7018000	21	-	hsa-miR-497-5p	0	55.9518	64.6496	92.332	54.9722	0	0	90.7128
20	34990408	34990429	21	+	hsa-miR-499a-5p	0	15.476	0	11.8713	10.1487	0	0	7.67569
2	75090873	75090895	22	+	hsa-miR-5000-3p	0	11.9046	0	5.27611	15.2231	0	0	11.8624
15	89883987	89884011	24	-	hsa-miR-5009-5p	0	9.52372	0	3.95708	5.07436	0	0	2.09337
X	50008482	50008504	22	+	hsa-miR-500a-3p	0	134.523	581.846	77.8227	143.773	249.206	306.654	100.482
X	50008443	50008466	23	+	hsa-miR-500a-5p	0	14.2856	0	5.27611	15.2231	62.3014	0	6.28011
X	50009772	50009794	22	+	hsa-miR-501-3p	668.524	16.6665	193.949	13.1903	14.3773	124.603	919.963	4.88453
X	50009735	50009757	22	+	hsa-miR-501-5p	111.421	7.14279	0	0	0.845726	124.603	0	0.69779
X	50014649	50014671	22	+	hsa-miR-502-3p	0	46.4281	64.6496	31.6567	49.0521	186.904	306.654	20.2359
X	134546331	134546354	23	-	hsa-miR-503-3p	111.421	7.14279	64.6496	14.5093	7.61153	373.808	0	30.7028
X	134546371	134546394	23	-	hsa-miR-503-5p	668.524	161.903	743.47	506.507	209.74	560.713	0	528.925
X	139924160	139924182	22	-	hsa-miR-505-3p	0	21.4284	32.3248	10.5522	16.9145	0	0	16.0492
1	161227195	161227217	22	+	hsa-miR-5187-5p	0	1.19046	0	1.31903	3.3829	0	0	2.79116
X	50003204	50003226	22	+	hsa-miR-532-3p	0	238.093	452.547	207.087	231.729	747.617	306.654	127.696
X	50003167	50003189	22	+	hsa-miR-532-5p	445.682	3792.82	5592.19	2457.35	4047.64	2678.96	1226.62	2371.09
14	101047369	101047391	22	+	hsa-miR-539-3p	111.421	1.19046	96.9744	308.653	0	0	0	422.861
X	134541364	134541386	22	-	hsa-miR-542-3p	445.682	458.329	64.6496	542.121	630.066	0	0	733.378
X	134541400	134541423	23	-	hsa-miR-542-5p	0	20.2379	32.3248	55.3992	37.2119	0	0	35.5873
14	101032033	101032055	22	+	hsa-miR-543	0	0	0	11.8713	0	62.3014	0	12.5602
14	101048712	101048734	22	+	hsa-miR-544a	0	0	32.3248	2.63806	0	0	0	8.37349
3	124732486	124732508	22	+	hsa-miR-544b	0	3.57139	0	7.91417	1.69145	0	0	7.67569
X	74287126	74287148	22	-	hsa-miR-545-3p	0	16.6665	0	13.1903	10.1487	0	0	7.67569
X	74287164	74287186	22	-	hsa-miR-545-5p	0	29.7616	0	29.0186	24.5261	0	0	39.0763
6	18571844	18571866	22	+	hsa-miR-548a-3p	0	58.3328	64.6496	75.1846	30.4461	0	0	84.4326
8	104484420	104484442	22	-	hsa-miR-548a-5p	0	4.76186	0	11.8713	5.92008	0	0	12.5602
3	32506305	32506327	22	-	hsa-miR-548ay-3p	0	70.2374	0	13.1903	32.1376	62.3014	0	17.4448
6	119069062	119069084	22	-	hsa-miR-548b-3p	0	176.189	32.3248	106.841	186.06	62.3014	306.654	151.421
10	110988978	110989000	22	+	hsa-miR-548e-3p	0	36.9044	0	10.5522	17.7602	0	0	21.6315
10	110988940	110988962	22	+	hsa-miR-548e-5p	0	39.2853	0	17.1474	43.9778	186.904	0	26.516
6	131792174	131792196	22	+	hsa-miR-548h-5p	111.421	1.19046	0	0	1.69145	0	0	4.18674
22	26555274	26555296	22	-	hsa-miR-548j-5p	0	29.7616	0	2.63806	22.8346	0	306.654	6.28011
11	70283986	70284008	22	+	hsa-miR-548k	0	19.0474	32.3248	18.4664	17.7602	62.3014	0	16.747
11	94466545	94466567	22	-	hsa-miR-548l	0	5.95232	0	3.95708	2.53718	0	0	3.48895
7	34940804	34940826	22	-	hsa-miR-548n	0	20.2379	0	27.6996	17.7602	0	0	28.6094
7	102405748	102405770	22	-	hsa-miR-548o-3p	0	7.14279	0	5.27611	1.69145	0	0	5.58232
6	57390180	57390203	23	+	hsa-miR-548u	0	4.76186	0	3.95708	7.61153	0	0	14.6536
7	29680748	29680770	22	-	hsa-miR-550a-3p	0	0	32.3248	1.31903	1.69145	0	0	6.28011
1	3560710	3560731	21	-	hsa-miR-551a	111.421	182.141	0	21.1044	256.255	124.603	0	14.6536
3	168551914	168551935	21	+	hsa-miR-551b-3p	0	8.33325	0	11.8713	3.3829	0	0	11.1646
1	162342600	162342622	22	+	hsa-miR-556-3p	0	20.2379	0	2.63806	20.2974	0	0	3.48895
18	39676719	39676741	22	-	hsa-miR-5583-3p	0	1.19046	0	3.95708	3.3829	0	0	1.39558
2	188297552	188297574	22	+	hsa-miR-561-3p	111.421	158.332	32.3248	23.7425	217.352	0	0	22.3293
2	188297517	188297539	22	+	hsa-miR-561-5p	0	257.14	64.6496	35.6138	364.508	124.603	0	27.2138
3	171106679	171106700	21	-	hsa-miR-569	111.421	60.7137	0	2.63806	18.606	0	0	2.09337
1	9967390	9967412	22	+	hsa-miR-5697	0	2.38093	0	0	6.76581	0	0	0.69779
10	641699	641721	22	-	hsa-miR-5699-3p	0	5.95232	0	0	5.92008	0	0	2.09337
10	641748	641770	22	-	hsa-miR-5699-5p	0	34.5235	0	9.2332	38.9034	62.3014	306.654	7.67569
3	195699460	195699482	22	+	hsa-miR-570-3p	0	21.4284	0	9.2332	21.1432	0	0	12.5602
4	24520252	24520276	24	-	hsa-miR-573	0	8.33325	0	5.27611	10.9944	0	0	8.37349
4	38868092	38868114	22	+	hsa-miR-574-3p	334.262	591.661	2198.09	1359.92	583.551	3364.28	1226.62	743.147
4	109488752	109488774	22	+	hsa-miR-576-3p	0	3.57139	0	2.63806	1.69145	0	0	5.58232
4	109488713	109488735	22	+	hsa-miR-576-5p	111.421	97.6181	323.248	87.0559	90.4927	186.904	0	83.7349
5	32394392	32394415	23	-	hsa-miR-579-3p	0	32.1426	0	23.7425	31.2919	0	0	16.0492
5	32394430	32394452	22	-	hsa-miR-579-5p	0	20.2379	32.3248	1.31903	23.6803	0	0	9.07128
5	36147907	36147929	22	-	hsa-miR-580-3p	0	33.333	0	15.8283	27.909	0	0	19.5381
5	59703630	59703652	22	-	hsa-miR-582-3p	111.421	198.808	96.9744	117.393	97.2585	62.3014	0	148.629
5	59703666	59703689	23	-	hsa-miR-582-5p	0	82.1421	0	34.2947	54.9722	0	0	31.4006
5	149062373	149062395	22	-	hsa-miR-584-5p	111.421	2.38093	226.274	225.554	0.845726	311.507	0	217.013
7	5495834	5495858	24	-	hsa-miR-589-3p	0	92.8563	258.598	92.332	96.4128	186.904	0	70.4768
7	5495873	5495895	22	-	hsa-miR-589-5p	111.421	120.237	484.872	150.369	119.247	436.11	306.654	96.9929
7	74191253	74191274	21	+	hsa-miR-590-3p	0	1732.13	129.299	1249.12	1718.52	0	0	1578.4
7	74191213	74191235	22	+	hsa-miR-590-5p	111.421	492.852	0	354.819	513.356	0	0	486.36
8	9741687	9741709	22	+	hsa-miR-597-5p	0	3.57139	0	1.31903	1.69145	0	0	3.48895
8	11035221	11035243	22	-	hsa-miR-598-3p	0	416.663	452.547	572.458	469.378	249.206	919.963	627.314
1	20633756	20633776	20	+	hsa-miR-6084	2116.99	0	0	0	0	0	2146.58	0
16	3485422	3485440	18	-	hsa-miR-6126	54484.7	0	1713.21	0	0	11401.2	48758	0
12	54034010	54034032	22	+	hsa-miR-615-3p	111.421	113.094	1099.04	222.916	82.0354	934.521	919.963	168.865
14	31014669	31014690	21	-	hsa-miR-624-3p	0	5.95232	0	5.27611	12.6859	0	0	2.09337
14	31014706	31014728	22	-	hsa-miR-624-5p	0	71.4279	0	71.2275	75.2696	0	306.654	53.0321
14	65471153	65471175	22	+	hsa-miR-625-3p	222.841	363.092	3685.03	701.723	267.249	2180.55	0	493.338
14	65471116	65471137	21	+	hsa-miR-625-5p	0	27.3807	64.6496	50.1231	10.9944	124.603	0	34.1917
15	42199630	42199652	22	-	hsa-miR-627-5p	0	40.4758	64.6496	63.3133	40.5948	124.603	0	57.2188
15	55372954	55372975	21	-	hsa-miR-628-3p	0	41.6663	96.9744	3.95708	15.2231	62.3014	0	11.1646
15	55372991	55373013	22	-	hsa-miR-628-5p	0	247.617	96.9744	50.1231	141.236	0	0	60.01
15	70079387	70079409	22	-	hsa-miR-629-3p	0	33.333	0	3.95708	30.4461	62.3014	0	5.58232
15	70079427	70079448	21	-	hsa-miR-629-5p	557.103	276.188	161.624	40.8899	266.404	373.808	0	50.9387
19	40282603	40282627	24	-	hsa-miR-641	0	11.9046	32.3248	6.59514	7.61153	0	0	6.9779
19	45674978	45675000	22	+	hsa-miR-642a-3p	111.421	20.2379	290.923	10.5522	41.4406	0	0	2.09337
19	45674943	45674965	22	+	hsa-miR-642a-5p	0	65.4756	161.624	47.485	82.8812	0	0	23.0271
19	52281857	52281879	22	+	hsa-miR-643	0	7.14279	0	6.59514	3.3829	0	0	2.09337
12	48132800	48132822	22	+	hsa-miR-6505-5p	0	7.14279	0	5.27611	5.92008	0	0	2.79116
X	8127018	8127040	22	+	hsa-miR-651-3p	0	8.33325	0	0	4.22863	0	0	0
X	8126980	8127002	22	+	hsa-miR-651-5p	0	372.615	0	0	375.502	0	0	0
11	62792749	62792772	23	-	hsa-miR-6514-5p	111.421	4.76186	0	2.63806	1.69145	0	0	2.79116
X	110055389	110055410	21	+	hsa-miR-652-3p	0	11.9046	0	15.8283	5.07436	124.603	0	4.18674
X	110055349	110055374	25	+	hsa-miR-652-5p	0	28.5712	0	7.91417	32.1376	0	0	11.1646
14	101040269	101040291	22	+	hsa-miR-654-3p	668.524	2.38093	1616.24	2260.81	2.53718	685.316	0	2491.81
14	101049610	101049632	22	+	hsa-miR-655-3p	0	0	96.9744	56.7182	0.845726	0	0	57.2188
14	101066766	101066787	21	+	hsa-miR-656-3p	0	0	32.3248	11.8713	0	0	0	27.2138
22	37847732	37847754	22	-	hsa-miR-659-5p	0	2.38093	0	2.63806	2.53718	62.3014	0	1.39558
X	50013256	50013278	22	+	hsa-miR-660-5p	557.103	2583.31	1616.24	1387.62	2651.35	809.918	1226.62	1660.04
1	220200549	220200572	23	-	hsa-miR-664a-3p	0	4.76186	0	1.31903	5.07436	0	0	0.69779
1	220200586	220200610	24	-	hsa-miR-664a-5p	0	10.7142	64.6496	5.27611	5.07436	0	0	4.18674
14	100875075	100875095	20	+	hsa-miR-665	0	0	96.9744	7.91417	0	62.3014	0	11.1646
14	101055300	101055323	23	+	hsa-miR-668-3p	668.524	0	808.12	0	0	872.22	4293.16	0.69779
7	151238488	151238509	21	+	hsa-miR-671-3p	0	30.9521	129.299	29.0186	26.2175	685.316	0	16.747
7	151238449	151238472	23	+	hsa-miR-671-5p	334.262	139.284	129.299	77.8227	93.8756	623.014	613.309	66.9879
6	1390324	1390346	22	-	hsa-miR-6720-3p	0	0	129.299	5.27611	0	0	0	2.79116
6	1390359	1390382	23	-	hsa-miR-6720-5p	0	0	32.3248	6.59514	1.69145	124.603	0	4.18674
21	8205325	8205348	23	+	hsa-miR-6724-5p	334.262	3.57139	226.274	0	0	1183.73	613.309	0
1	43171686	43171708	22	-	hsa-miR-6733-5p	0	3.57139	0	1.31903	4.22863	0	0	7.67569
11	1996800	1996823	23	-	hsa-miR-675-5p	0	3.57139	0	1.31903	0.845726	0	0	5.58232
X	70022899	70022920	21	+	hsa-miR-676-3p	111.421	52.3805	32.3248	14.5093	32.9833	0	0	14.6536
19	58550285	58550307	22	+	hsa-miR-6807-5p	334.262	1.19046	64.6496	0	1.69145	186.904	0	0.69779
22	49962866	49962889	23	+	hsa-miR-6821-5p	557.103	0	32.3248	0	0	373.808	0	0
6	33290245	33290266	21	+	hsa-miR-6834-5p	2116.99	0	0	0	0	62.3014	1533.27	0
8	124508515	124508536	21	-	hsa-miR-6844	0	2.38093	0	5.27611	3.3829	0	0	2.79116
9	83969771	83969793	22	-	hsa-miR-7-1-3p	0	278.569	484.872	276.996	321.376	1495.23	0	285.396
9	83969811	83969835	24	-	hsa-miR-7-5p	779.944	4704.72	6723.56	5942.22	4726.76	6230.14	3679.85	9511.58
11	79402032	79402054	22	-	hsa-miR-708-3p	0	0	64.6496	54.0801	2.53718	186.904	0	47.4498
11	79402077	79402100	23	-	hsa-miR-708-5p	0	5.95232	2392.04	1049.95	2.53718	2118.25	0	969.929
17	12081966	12081988	22	+	hsa-miR-744-3p	0	27.3807	0	14.5093	22.8346	0	0	16.0492
17	12081909	12081931	22	+	hsa-miR-744-5p	1559.89	402.377	2779.93	378.561	282.472	3551.18	2146.58	315.401
14	101026071	101026093	22	+	hsa-miR-758-3p	0	0	32.3248	81.7797	0	0	0	108.855
1	93846880	93846900	20	+	hsa-miR-760	0	1.19046	193.949	2.63806	0	0	306.654	0
X	119646763	119646785	22	-	hsa-miR-766-3p	0	3.57139	32.3248	2.63806	1.69145	62.3014	0	0.69779
X	119646799	119646821	22	-	hsa-miR-766-5p	0	4.76186	32.3248	2.63806	3.3829	124.603	0	2.09337
X	152393447	152393470	23	-	hsa-miR-767-3p	0	20.2379	96.9744	25.0615	13.5316	62.3014	0	16.0492
X	152393481	152393504	23	-	hsa-miR-767-5p	0	333.33	743.47	390.432	327.296	1183.73	919.963	414.488
19	46019000	46019023	23	+	hsa-miR-769-3p	557.103	84.523	96.9744	60.6753	79.4982	560.713	0	53.0321
19	46018961	46018983	22	+	hsa-miR-769-5p	779.944	1284.51	905.094	684.576	1321.02	1183.73	0	795.481
2	176188843	176188862	19	+	hsa-miR-7704	135710	4.76186	4428.5	5.27611	0.845726	11588.1	217111	1.39558
15	85380639	85380663	24	+	hsa-miR-7706	111.421	5.95232	32.3248	10.5522	9.30299	0	0	9.07128
19	11495544	11495568	24	-	hsa-miR-7974	0	86.9039	0	83.0988	94.7213	0	0	66.9879
3	176515103	176515121	18	+	hsa-miR-7977	1225.63	79.7611	646.496	71.2275	72.7324	747.617	2146.58	38.3785
9	28888925	28888946	21	-	hsa-miR-873-5p	0	0	32.3248	5.27611	0	0	0	3.48895
5	137647582	137647604	22	-	hsa-miR-874-3p	0	10.7142	96.9744	7.91417	6.76581	124.603	0	2.79116
5	137647618	137647641	23	-	hsa-miR-874-5p	0	7.14279	32.3248	2.63806	2.53718	249.206	0	0.69779
5	15935229	15935251	22	+	hsa-miR-887-3p	0	20.2379	0	0	5.07436	0	0	0
14	101047949	101047970	21	+	hsa-miR-889-3p	334.262	0	193.949	836.264	0	124.603	0	981.791
1	156420354	156420376	22	-	hsa-miR-9-3p	0	599.994	549.522	638.41	500.67	124.603	306.654	582.655
1	156420392	156420415	23	-	hsa-miR-9-5p	557.103	8642.77	3749.68	5579.49	8069.07	1495.23	306.654	5546.74
13	91351324	91351347	23	+	hsa-miR-92a-1-5p	111.421	7.14279	775.795	13.1903	5.92008	3177.37	0	10.4669
13	91351361	91351383	22	+	hsa-miR-92a-3p	3231.2	5178.52	16485.6	4933.16	5956.45	11712.7	3066.54	4098.82
1	155195237	155195259	22	+	hsa-miR-92b-3p	111.421	265.474	1002.07	141.136	235.958	498.411	919.963	159.096
1	155195196	155195218	22	+	hsa-miR-92b-5p	445.682	1.19046	32.3248	2.63806	0	311.507	306.654	0.69779
7	100093777	100093799	22	-	hsa-miR-93-3p	222.841	86.9039	1034.39	85.7368	79.4982	1246.03	613.309	62.1033
7	100093815	100093838	23	-	hsa-miR-93-5p	15264.6	42660.3	75446.1	33341.1	40058.7	41492.7	36798.5	32739.6
19	53982362	53982385	23	+	hsa-miR-935	334.262	79.7611	1486.94	969.486	54.1265	1495.23	0	699.884
20	63919495	63919518	23	+	hsa-miR-941	0	15.476	420.222	39.5708	13.5316	623.014	0	39.7741
1	117094655	117094677	22	+	hsa-miR-942-5p	0	255.95	646.496	174.112	219.889	623.014	0	223.293
4	8005312	8005334	22	-	hsa-miR-95-3p	111.421	1377.37	129.299	100.246	1593.35	62.3014	613.309	109.553
7	129774739	129774762	23	-	hsa-miR-96-5p	334.262	3103.54	840.445	1816.3	3355.84	685.316	2453.24	1853.33
X	53556241	53556263	22	-	hsa-miR-98-3p	0	9.52372	0	35.6138	10.1487	0	0	48.1475
X	53556299	53556321	22	-	hsa-miR-98-5p	334.262	134.523	872.77	957.614	73.5782	373.808	919.963	1101.11
16	34163601	34163622	21	+	hsa-miR-9901	1337.05	0	32.3248	2.63806	0.845726	186.904	1839.93	0.69779
8	98393667	98393689	22	-	hsa-miR-9903	0	30.9521	32.3248	19.7854	19.4517	62.3014	0	31.4006
21	16539138	16539160	22	+	hsa-miR-99a-3p	111.421	748.802	0	0	679.118	0	0	0
21	16539101	16539123	22	+	hsa-miR-99a-5p	3008.36	6361.84	161.624	11.8713	5799.99	186.904	1533.27	6.9779
19	51692656	51692678	22	+	hsa-miR-99b-3p	891.365	191.665	1260.67	296.781	127.705	560.713	919.963	302.143
19	51692618	51692640	22	+	hsa-miR-99b-5p	3676.88	2441.64	14643.1	4873.81	2296.15	12086.5	3679.85	4249.54
