Chromosome	Start	Stop	Length	Strand	Gene Symbol	CL1-0_Rep-2	20230818_CL1-0_CE_miRNA_Rep1	CL1-5_Rep-1	20230818_CL1-5_CE_miRNA_Rep1	20230823_CL1-0_CE_miRNA_Rep2	CL1-5_Rep-2	CL1-0_Rep-1	20230823_CL1-5_CE_miRNA_Rep2
11	122146523	122146545	22	-	hsa-let-7a-2-3p	0	20	6	203	22	7	0	320
9	94176013	94176034	21	+	hsa-let-7a-3p	0	56	7	91	75	2	0	190
9	94175962	94175984	22	+	hsa-let-7a-5p	91	7794	1330	38743	10729	508	25	61029
22	46113745	46113767	22	+	hsa-let-7b-3p	0	1	2	4	1	1	0	6
22	46113691	46113713	22	+	hsa-let-7b-5p	37	396	189	3507	453	222	9	5517
21	16539883	16539905	22	+	hsa-let-7c-3p	0	422	0	0	435	0	0	0
21	16539838	16539860	22	+	hsa-let-7c-5p	72	13877	32	117	13542	18	28	164
9	94178895	94178917	22	+	hsa-let-7d-3p	1	4	9	11	1	7	0	22
9	94178841	94178863	22	+	hsa-let-7d-5p	6	60	45	503	43	28	11	908
19	51692838	51692860	22	+	hsa-let-7e-3p	0	18	2	42	19	6	0	68
19	51692793	51692815	22	+	hsa-let-7e-5p	35	4005	429	9988	4446	179	8	16256
9	94176409	94176431	22	+	hsa-let-7f-1-3p	0	0	2	6	0	2	0	19
X	53557196	53557218	22	-	hsa-let-7f-2-3p	1	100	1	103	82	5	0	273
9	94176353	94176375	22	+	hsa-let-7f-5p	91	7438	443	16160	7183	159	25	32704
3	52268280	52268301	21	-	hsa-let-7g-3p	0	1	0	6	3	1	0	11
3	52268336	52268358	22	-	hsa-let-7g-5p	23	1807	125	7049	1868	48	4	13386
12	62603747	62603769	22	+	hsa-let-7i-3p	1	15	2	234	5	2	0	390
12	62603691	62603713	22	+	hsa-let-7i-5p	154	1530	1047	41901	1052	382	46	87616
18	21829015	21829037	22	-	hsa-miR-1-3p	0	16	1	33	23	0	0	102
11	122152240	122152262	22	-	hsa-miR-100-3p	4	581	181	3709	675	59	0	6759
11	122152275	122152297	22	-	hsa-miR-100-5p	29	1217	1246	11111	1702	528	9	18309
9	4850308	4850330	22	+	hsa-miR-101-2-5p	0	2	0	3	3	0	0	10
1	65058442	65058463	21	-	hsa-miR-101-3p	5	1399	9	552	2099	4	2	1500
1	65058477	65058499	22	-	hsa-miR-101-5p	0	2	0	1	3	0	0	5
20	3917504	3917527	23	+	hsa-miR-103a-2-5p	0	3	0	1	1	0	0	8
5	168560904	168560927	23	-	hsa-miR-103a-3p	47	10105	334	7384	11843	158	34	13266
21	8206598	8206619	21	+	hsa-miR-10401-3p	15	0	0	0	0	1	2	0
X	152392228	152392250	22	-	hsa-miR-105-3p	0	9	3	2	4	1	0	14
X	152392265	152392288	23	-	hsa-miR-105-5p	0	65	11	71	67	7	0	119
5	172915083	172915107	24	+	hsa-miR-10523-5p	0	7	0	6	6	0	0	7
X	134170208	134170230	22	-	hsa-miR-106a-3p	0	101	0	0	203	0	0	5
X	134170244	134170267	23	-	hsa-miR-106a-5p	0	98	5	12	164	0	0	22
7	100094002	100094024	22	-	hsa-miR-106b-3p	10	379	143	314	444	134	2	490
7	100094043	100094064	21	-	hsa-miR-106b-5p	0	204	3	103	265	0	0	250
10	89592756	89592779	23	-	hsa-miR-107	4	1223	32	936	1676	8	2	1520
17	48579864	48579886	22	-	hsa-miR-10a-3p	0	30	17	144	51	3	1	302
17	48579904	48579927	23	-	hsa-miR-10a-5p	7	196	122	1306	308	27	20	2366
2	176150368	176150390	22	+	hsa-miR-10b-3p	3	227	0	5	366	0	1	4
2	176150329	176150352	23	+	hsa-miR-10b-5p	13	2096	3	32	3263	1	8	60
17	19344513	19344535	22	-	hsa-miR-1180-3p	0	44	25	51	37	9	0	78
14	101043029	101043051	22	+	hsa-miR-1185-1-3p	1	0	0	117	1	0	0	188
14	101044250	101044272	22	+	hsa-miR-1185-2-3p	0	0	0	12	0	1	0	29
14	101042991	101043012	21	+	hsa-miR-1185-5p	0	0	0	3	0	0	0	11
14	101025620	101025641	21	+	hsa-miR-1197	1	0	0	77	0	1	0	291
15	73299962	73299980	18	+	hsa-miR-12135	0	815	0	230	1624	0	0	476
1	632668	632686	18	-	hsa-miR-12136	2	28	1	21	36	0	3	72
18	58451088	58451110	22	+	hsa-miR-122-5p	2	3	1	6	1	0	0	12
3	47849608	47849630	22	+	hsa-miR-1226-3p	2	13	0	5	22	2	2	4
3	47849555	47849581	26	+	hsa-miR-1226-5p	2	0	4	0	0	3	2	0
12	57194504	57194525	21	+	hsa-miR-1228-5p	9	0	0	0	0	1	1	0
8	9903438	9903460	22	-	hsa-miR-124-5p	0	4	0	2	13	0	0	1
2	176601024	176601043	19	-	hsa-miR-1246	74	10	6	0	13	24	12	1
14	101560326	101560350	24	-	hsa-miR-1247-3p	0	3	0	4	4	0	0	5
3	186786675	186786702	27	+	hsa-miR-1248	0	2	1	2	4	0	3	1
17	81133265	81133286	21	-	hsa-miR-1250-5p	0	33	0	0	45	0	1	0
4	101330365	101330388	23	-	hsa-miR-1255a	0	3	3	7	1	0	0	23
20	61953621	61953642	21	-	hsa-miR-1257	0	1	0	2	2	0	0	9
19	51693306	51693328	22	+	hsa-miR-125a-3p	0	53	20	100	65	15	0	141
19	51693268	51693292	24	+	hsa-miR-125a-5p	61	8507	513	13889	12294	194	21	20163
11	122099769	122099791	22	-	hsa-miR-125b-1-3p	6	128	47	303	165	97	1	548
21	16590290	16590312	22	+	hsa-miR-125b-2-3p	2	69	0	0	87	0	1	0
11	122099809	122099831	22	-	hsa-miR-125b-5p	156	50705	1294	40208	74193	433	67	56356
9	136670653	136670675	22	+	hsa-miR-126-3p	1681	19920	217	6040	26554	133	10	12342
9	136670616	136670637	21	+	hsa-miR-126-5p	574	10920	62	3311	13820	39	1	7167
14	77266231	77266249	18	+	hsa-miR-1260a	0	13	11	12	17	14	0	8
11	96341447	96341466	19	+	hsa-miR-1260b	1	29	26	23	40	54	0	50
1	68183576	68183598	22	-	hsa-miR-1262	0	0	0	8	0	0	0	21
15	22225308	22225326	18	-	hsa-miR-1268a	0	8	2	3	4	3	0	5
17	80098831	80098851	20	+	hsa-miR-1268b	0	2	2	2	3	1	0	7
14	100883035	100883057	22	+	hsa-miR-127-3p	3	0	48	2149	2	31	1	4001
14	100883001	100883023	22	+	hsa-miR-127-5p	0	0	0	34	0	0	0	73
19	20399320	20399343	23	-	hsa-miR-1270	0	0	6	42	0	2	0	78
5	176367960	176367982	22	+	hsa-miR-1271-5p	0	0	5	136	0	2	0	215
6	34000018	34000035	17	-	hsa-miR-1275	1	2	0	1	4	0	0	7
X	118386440	118386462	22	+	hsa-miR-1277-3p	0	36	0	25	61	0	0	60
X	118386401	118386425	24	+	hsa-miR-1277-5p	0	14	0	7	35	0	0	21
1	193136552	193136574	22	+	hsa-miR-1278	0	18	0	3	25	0	0	8
2	135665411	135665434	23	+	hsa-miR-128-1-5p	2	37	4	6	48	5	0	19
2	135665446	135665467	21	+	hsa-miR-128-3p	6	3871	69	1431	5551	17	5	2914
3	71542039	71542061	22	-	hsa-miR-1284	0	6	0	3	8	0	0	8
22	20249145	20249166	21	-	hsa-miR-1286	0	17	0	1	26	0	0	2
10	98395271	98395293	22	-	hsa-miR-1287-5p	1	6	0	1	6	0	0	1
7	128207876	128207897	21	+	hsa-miR-129-5p	0	6	1	6	12	0	1	20
12	48654494	48654518	24	-	hsa-miR-1291	2	1	4	0	0	0	4	0
20	2652779	2652804	25	+	hsa-miR-1292-5p	7	1	1	6	6	2	3	14
5	154347153	154347175	22	+	hsa-miR-1294	0	8	0	3	7	0	0	7
10	63372969	63372991	22	-	hsa-miR-1296-3p	0	4	0	1	3	0	1	2
10	63373012	63373034	22	-	hsa-miR-1296-5p	2	98	13	41	118	14	1	77
2	25328651	25328675	24	-	hsa-miR-1301-3p	0	40	2	10	68	0	0	12
11	93733691	93733713	22	-	hsa-miR-1304-3p	1	224	6	136	225	8	0	226
4	182169343	182169365	22	+	hsa-miR-1305	0	2	0	3	11	0	0	17
22	20086072	20086094	22	+	hsa-miR-1306-5p	0	6	1	4	5	1	0	7
10	103394301	103394323	22	-	hsa-miR-1307-3p	13	58	24	44	106	28	4	76
10	103394341	103394362	21	-	hsa-miR-1307-5p	17	828	15	388	1093	14	3	972
11	57641252	57641274	22	+	hsa-miR-130a-3p	18	12371	84	7674	14703	26	5	15305
11	57641212	57641234	22	+	hsa-miR-130a-5p	1	98	13	75	114	11	0	126
22	21653354	21653376	22	+	hsa-miR-130b-3p	7	1989	24	1906	1980	16	4	3095
22	21653316	21653337	21	+	hsa-miR-130b-5p	1	15	3	15	26	2	0	26
17	2049929	2049951	22	-	hsa-miR-132-3p	1	517	8	149	885	11	0	505
17	2049965	2049987	22	-	hsa-miR-132-5p	1	234	13	101	399	23	1	293
14	101054694	101054716	22	+	hsa-miR-134-5p	2	0	48	770	0	15	1	1625
1	205448361	205448384	23	-	hsa-miR-135b-5p	0	0	0	30	6	0	0	65
14	100884750	100884772	22	+	hsa-miR-136-3p	2	0	10	418	0	0	0	1183
14	100884716	100884739	23	+	hsa-miR-136-5p	0	0	2	83	0	4	0	198
1	98046091	98046114	23	-	hsa-miR-137-3p	5	1521	0	47	531	0	1	134
3	44114274	44114296	22	+	hsa-miR-138-1-3p	0	3	4	11	7	2	0	18
3	44114234	44114257	23	+	hsa-miR-138-5p	1	116	14	270	209	7	0	559
11	72615066	72615089	23	-	hsa-miR-139-3p	0	7	2	3	4	3	0	10
11	72615102	72615125	23	-	hsa-miR-139-5p	0	43	0	32	71	1	0	67
16	69933142	69933163	21	+	hsa-miR-140-3p	2	217	18	116	346	39	5	232
16	69933103	69933125	22	+	hsa-miR-140-5p	0	852	11	449	1091	2	2	882
12	6964155	6964177	22	+	hsa-miR-141-3p	6	172	7	34	158	10	42	107
12	6964113	6964135	22	+	hsa-miR-141-5p	0	17	0	10	17	1	0	16
17	58331245	58331268	23	-	hsa-miR-142-3p	35	27	16	25	22	25	26	59
17	58331283	58331304	21	-	hsa-miR-142-5p	12	4	3	1	6	9	6	6
5	149428978	149428999	21	+	hsa-miR-143-3p	5	12	24	2	5	3	28	11
X	63786055	63786076	21	-	hsa-miR-1468-5p	0	16	3	1	4	0	0	5
5	160485372	160485394	22	+	hsa-miR-146a-5p	54	51	16	76	35	9	45	99
10	102436520	102436543	23	+	hsa-miR-146b-5p	1	54	5	9	42	3	0	25
15	45433098	45433119	21	+	hsa-miR-147b-3p	0	12	0	8	6	0	0	22
15	45433061	45433083	22	+	hsa-miR-147b-5p	1	3	0	1	3	0	0	8
7	25949922	25949944	22	-	hsa-miR-148a-3p	6	9324	91	6882	12966	37	15	14773
7	25949960	25949982	22	-	hsa-miR-148a-5p	0	6	2	19	9	5	0	31
12	54337278	54337300	22	+	hsa-miR-148b-3p	16	8848	125	4625	11132	56	12	10176
2	240456015	240456038	23	+	hsa-miR-149-5p	0	159	30	437	442	19	2	734
19	49500832	49500854	22	-	hsa-miR-150-5p	10	11	1	12	7	5	0	14
8	140732587	140732608	21	-	hsa-miR-151a-3p	7	1566	138	1589	2172	48	1	3342
8	140732623	140732644	21	-	hsa-miR-151a-5p	0	97	4	93	127	5	0	187
17	48037174	48037195	21	-	hsa-miR-152-3p	11	402	6	73	557	0	2	242
2	219294126	219294148	22	-	hsa-miR-153-3p	0	23	0	12	24	0	0	11
14	101059805	101059827	22	+	hsa-miR-154-3p	0	0	0	16	0	0	0	35
14	101059769	101059791	22	+	hsa-miR-154-5p	1	1	0	199	1	1	0	357
21	25573983	25574007	24	+	hsa-miR-155-5p	10	2	58	277	17	22	1	763
13	50049130	50049152	22	-	hsa-miR-15a-3p	0	23	0	16	43	1	0	41
13	50049167	50049189	22	-	hsa-miR-15a-5p	4	1997	5	1278	3502	3	0	2431
3	160404645	160404667	22	+	hsa-miR-15b-3p	0	1502	48	2258	1951	17	3	4628
3	160404607	160404629	22	+	hsa-miR-15b-5p	11	4203	90	6813	6645	24	3	10735
13	50048985	50049007	22	-	hsa-miR-16-1-3p	0	109	4	59	177	3	1	134
3	160404797	160404819	22	+	hsa-miR-16-2-3p	0	75	4	102	91	2	0	205
3	160404754	160404776	22	+	hsa-miR-16-5p	192	69160	2078	68453	102110	572	85	123867
13	91350655	91350677	22	+	hsa-miR-17-3p	0	60	6	88	65	5	1	171
13	91350618	91350641	23	+	hsa-miR-17-5p	3	1704	52	1798	1943	15	2	4443
9	124692518	124692540	22	+	hsa-miR-181a-2-3p	7	1588	4	19	1584	4	4	28
1	198859069	198859091	22	-	hsa-miR-181a-3p	3	176	0	0	332	1	1	0
1	198859108	198859131	23	-	hsa-miR-181a-5p	5	64	0	0	57	0	3	2
9	124693763	124693783	20	+	hsa-miR-181b-2-3p	0	82	0	5	69	0	0	4
1	198858887	198858908	21	-	hsa-miR-181b-3p	1	16	0	0	36	0	0	0
1	198858925	198858948	23	-	hsa-miR-181b-5p	20	45	0	1	51	0	0	0
19	13874763	13874785	22	+	hsa-miR-181c-3p	0	49	1	4	30	0	0	12
19	13874725	13874747	22	+	hsa-miR-181c-5p	0	3	0	1	6	1	0	1
19	13874910	13874933	23	+	hsa-miR-181d-5p	0	25	1	3	31	0	0	4
7	129770406	129770427	21	-	hsa-miR-182-3p	0	19	0	12	24	0	0	19
7	129770447	129770471	24	-	hsa-miR-182-5p	11	5632	107	2259	9064	25	26	4473
7	129774928	129774950	22	-	hsa-miR-183-3p	0	17	0	9	31	0	0	9
7	129774967	129774989	22	-	hsa-miR-183-5p	5	2130	88	1076	3309	19	19	2053
22	20033188	20033210	22	+	hsa-miR-185-3p	0	5	1	0	10	3	0	1
22	20033153	20033175	22	+	hsa-miR-185-5p	13	1166	27	610	1721	43	5	1071
1	71067642	71067664	22	-	hsa-miR-186-3p	0	16	2	16	30	0	0	39
1	71067681	71067703	22	-	hsa-miR-186-5p	14	1792	205	1676	2243	132	8	3399
X	50003556	50003577	21	+	hsa-miR-188-3p	0	30	0	8	23	0	0	24
X	50003517	50003538	21	+	hsa-miR-188-5p	1	111	0	27	108	0	0	73
13	91350797	91350820	23	+	hsa-miR-18a-3p	0	30	13	41	47	6	0	87
13	91350756	91350779	23	+	hsa-miR-18a-5p	1	1022	25	1137	986	9	0	2730
X	134170042	134170064	22	-	hsa-miR-18b-3p	0	7	0	0	12	0	0	0
X	134170084	134170107	23	-	hsa-miR-18b-5p	0	590	1	12	964	0	1	28
15	62824008	62824029	21	+	hsa-miR-190a-3p	0	3	0	10	8	0	0	8
15	62823971	62823993	22	+	hsa-miR-190a-5p	0	59	4	34	107	0	0	83
1	154193712	154193734	22	-	hsa-miR-190b-5p	2	86	1	21	76	1	0	53
3	49020631	49020653	22	-	hsa-miR-191-3p	2	375	20	193	414	14	0	324
3	49020672	49020695	23	-	hsa-miR-191-5p	162	18852	1683	11141	22767	741	90	17165
11	64891159	64891181	22	-	hsa-miR-192-3p	0	53	0	1	58	0	0	5
11	64891203	64891224	21	-	hsa-miR-192-5p	4	3261	12	362	4273	1	1	810
17	31560050	31560072	22	+	hsa-miR-193a-3p	0	6	0	13	9	1	0	14
17	31560016	31560038	22	+	hsa-miR-193a-5p	2	49	17	99	47	18	2	149
16	14304017	14304039	22	+	hsa-miR-193b-3p	0	20	0	28	36	2	0	36
16	14303980	14304002	22	+	hsa-miR-193b-5p	0	41	9	54	46	7	0	65
11	64891368	64891390	22	-	hsa-miR-194-3p	0	22	0	2	13	0	0	1
1	220118206	220118228	22	-	hsa-miR-194-5p	0	197	1	49	336	2	1	66
17	7017628	7017650	22	-	hsa-miR-195-3p	0	5	7	13	10	0	0	29
17	7017667	7017688	21	-	hsa-miR-195-5p	1	69	1	64	54	0	0	96
12	53991799	53991821	22	+	hsa-miR-196a-3p	0	8	0	2	11	0	0	5
12	53991762	53991784	22	+	hsa-miR-196a-5p	1	3625	90	2448	4472	36	3	4742
7	27169528	27169550	22	-	hsa-miR-196b-5p	0	4	15	395	5	2	3	756
1	109598940	109598962	22	+	hsa-miR-197-3p	3	75	41	137	84	46	0	206
1	109598901	109598924	23	+	hsa-miR-197-5p	3	1	3	0	0	3	1	0
1	172144554	172144576	22	-	hsa-miR-199a-3p	19	9562	13	52	11205	3	17	115
1	172144592	172144615	23	-	hsa-miR-199a-5p	6	1844	1	2	2135	0	3	0
9	128244745	128244767	22	-	hsa-miR-199b-3p	27	9356	6	54	11247	1	14	118
9	128244783	128244806	23	-	hsa-miR-199b-5p	1	590	6	230	888	1	0	528
13	91350939	91350962	23	+	hsa-miR-19a-3p	4	5715	37	5947	7712	5	2	16397
13	91350904	91350926	22	+	hsa-miR-19a-5p	0	3	0	5	3	0	0	4
13	91351207	91351230	23	+	hsa-miR-19b-1-5p	0	24	3	42	44	2	0	93
13	91351245	91351268	23	+	hsa-miR-19b-3p	9	25242	70	10555	44420	16	4	25822
1	1167160	1167182	22	+	hsa-miR-200b-3p	0	1	0	4	2	2	3	0
12	6963742	6963765	23	+	hsa-miR-200c-3p	5	71	9	31	71	4	15	72
12	6963703	6963725	22	+	hsa-miR-200c-5p	0	6	0	6	5	0	0	3
14	104117469	104117491	22	+	hsa-miR-203a-3p	7	40	78	1642	84	449	2	2972
9	70810031	70810053	22	-	hsa-miR-204-5p	0	5	0	0	8	0	0	1
1	209432166	209432188	22	+	hsa-miR-205-5p	5	0	14	0	0	278	0	1
13	91351108	91351130	22	+	hsa-miR-20a-3p	0	29	2	35	31	0	0	75
13	91351072	91351095	23	+	hsa-miR-20a-5p	22	11592	432	15268	13284	111	11	29128
X	134169813	134169835	22	-	hsa-miR-20b-3p	0	5	0	0	18	0	0	0
X	134169850	134169873	23	-	hsa-miR-20b-5p	60	59686	46	1425	105066	13	22	2313
17	59841311	59841332	21	+	hsa-miR-21-3p	7	1830	115	2075	2650	151	1	4278
17	59841273	59841295	22	+	hsa-miR-21-5p	300	128259	2006	95348	160525	739	83	195472
11	568112	568134	22	-	hsa-miR-210-3p	1	175	34	2051	247	36	0	3468
15	59171229	59171250	21	-	hsa-miR-2116-5p	0	4	0	3	1	0	0	3
17	2050290	2050311	21	-	hsa-miR-212-3p	0	6	0	0	7	0	0	1
17	2050328	2050351	23	-	hsa-miR-212-5p	0	9	0	3	15	1	0	8
1	172138816	172138838	22	-	hsa-miR-214-3p	4	47	0	0	34	0	2	0
1	172138857	172138879	22	-	hsa-miR-214-5p	1	109	0	0	157	0	0	0
4	20528299	20528320	21	+	hsa-miR-218-5p	1	665	0	5	1107	0	0	12
9	128392676	128392699	23	+	hsa-miR-219b-3p	0	4	0	2	0	0	0	9
9	128392634	128392656	22	+	hsa-miR-219b-5p	0	3	1	5	7	0	0	9
17	1713914	1713936	22	-	hsa-miR-22-3p	7	176	41	533	216	34	3	862
17	1713952	1713974	22	-	hsa-miR-22-5p	0	10	0	41	15	0	0	60
X	45746180	45746203	23	-	hsa-miR-221-3p	145	7161	2201	26449	11119	1964	33	44758
X	45746221	45746243	22	-	hsa-miR-221-5p	3	3	9	27	6	15	1	38
X	45747036	45747057	21	-	hsa-miR-222-3p	4	213	49	223	256	41	1	457
X	45747073	45747095	22	-	hsa-miR-222-5p	0	26	53	41	26	48	1	73
X	66018937	66018959	22	+	hsa-miR-223-3p	16	0	8	1	0	9	10	0
X	151958628	151958653	25	-	hsa-miR-224-5p	9	737	31	776	958	10	1	1261
5	93620748	93620772	24	-	hsa-miR-2277-5p	4	18	1	0	35	2	0	13
9	94809977	94809999	22	+	hsa-miR-2278	0	7	0	1	12	0	0	4
2	207109999	207110021	22	-	hsa-miR-2355-3p	0	6	2	10	6	1	0	29
19	13836595	13836616	21	-	hsa-miR-23a-3p	33	3150	140	1898	4242	134	24	3532
19	13836630	13836652	22	-	hsa-miR-23a-5p	1	2	1	9	4	3	0	6
9	95085265	95085288	23	+	hsa-miR-23b-3p	12	414	66	819	630	62	11	1114
9	95085227	95085249	22	+	hsa-miR-23b-5p	0	1	3	13	14	3	0	29
9	95086064	95086086	22	+	hsa-miR-24-3p	17	2410	71	1887	2843	31	4	3311
7	100093571	100093593	22	-	hsa-miR-25-3p	60	22461	1224	19989	33444	551	42	40385
7	100093610	100093631	21	-	hsa-miR-25-5p	11	82	185	75	124	219	4	102
1	98045271	98045293	22	-	hsa-miR-2682-3p	0	8	0	0	2	0	0	0
3	37969452	37969474	22	+	hsa-miR-26a-1-3p	0	47	6	75	102	5	0	168
12	57824620	57824642	22	-	hsa-miR-26a-2-3p	0	234	7	144	328	2	1	244
3	37969413	37969435	22	+	hsa-miR-26a-5p	31	5908	163	2781	7931	91	12	4807
2	218402692	218402713	21	+	hsa-miR-26b-3p	0	10	0	11	12	0	0	8
2	218402657	218402678	21	+	hsa-miR-26b-5p	17	1460	53	686	1673	32	10	1459
19	13836447	13836468	21	-	hsa-miR-27a-3p	38	8689	162	5913	10002	50	11	11222
19	13836487	13836509	22	-	hsa-miR-27a-5p	6	146	42	342	211	40	2	622
9	95085505	95085526	21	+	hsa-miR-27b-3p	25	5081	278	9591	8237	97	36	16098
9	95085463	95085485	22	+	hsa-miR-27b-5p	0	8	4	18	8	4	0	44
3	188688834	188688856	22	+	hsa-miR-28-3p	10	1250	128	863	1668	27	6	1611
3	188688794	188688816	22	+	hsa-miR-28-5p	1	30	1	15	32	0	0	22
20	58817626	58817648	22	-	hsa-miR-296-3p	1	57	27	128	80	33	0	222
20	58817661	58817682	21	-	hsa-miR-296-5p	2	22	11	82	28	2	1	88
14	101023832	101023854	22	+	hsa-miR-299-3p	0	1	4	279	1	3	0	632
14	101023800	101023822	22	+	hsa-miR-299-5p	2	0	6	243	2	9	1	328
7	130876748	130876770	22	-	hsa-miR-29a-3p	199	50794	1293	82282	94339	360	45	158728
7	130876786	130876808	22	-	hsa-miR-29a-5p	1	26	2	40	46	1	0	72
7	130877507	130877531	24	-	hsa-miR-29b-1-5p	0	135	16	301	243	15	0	553
1	207802492	207802514	22	-	hsa-miR-29b-2-5p	0	7	0	1	10	0	0	6
1	207802450	207802473	23	-	hsa-miR-29b-3p	26	13255	120	17378	19432	28	6	34305
1	207801865	207801887	22	-	hsa-miR-29c-3p	18	7283	40	3793	11585	15	7	8793
1	207801903	207801925	22	-	hsa-miR-29c-5p	0	77	1	48	125	0	0	76
17	59151149	59151172	23	-	hsa-miR-301a-3p	1	2545	18	1137	2717	6	5	2419
17	59151187	59151209	22	-	hsa-miR-301a-5p	2	397	20	165	366	4	0	375
22	21653025	21653048	23	+	hsa-miR-301b-3p	1	151	0	53	121	0	0	111
22	21652990	21653012	22	+	hsa-miR-301b-5p	4	42	3	13	29	1	0	16
17	64500817	64500838	21	-	hsa-miR-3064-5p	0	3	1	1	3	0	0	7
17	81125926	81125949	23	+	hsa-miR-3065-3p	0	53	0	5	108	0	0	11
17	81125886	81125909	23	+	hsa-miR-3065-5p	0	120	0	8	235	0	1	18
6	71403554	71403576	22	-	hsa-miR-30a-3p	23	7974	3	82	8574	1	9	121
6	71403595	71403617	22	-	hsa-miR-30a-5p	25	6821	8	24	6093	4	11	76
8	134800532	134800554	22	-	hsa-miR-30b-3p	0	7	0	43	7	1	0	59
8	134800570	134800592	22	-	hsa-miR-30b-5p	5	1062	30	2086	1459	26	4	4654
1	40757339	40757361	22	+	hsa-miR-30c-1-3p	0	156	5	93	255	4	0	166
6	71376964	71376986	22	-	hsa-miR-30c-2-3p	3	697	0	10	668	0	2	5
1	40757300	40757323	23	+	hsa-miR-30c-5p	6	3409	11	377	3132	6	2	742
8	134804879	134804901	22	-	hsa-miR-30d-3p	0	83	1	184	122	3	1	613
8	134804919	134804941	22	-	hsa-miR-30d-5p	6	388	47	411	497	11	14	739
1	40754413	40754435	22	+	hsa-miR-30e-3p	7	2598	97	1334	4089	46	3	3093
1	40754371	40754393	22	+	hsa-miR-30e-5p	4	1808	15	417	2032	6	4	973
9	21512158	21512179	21	-	hsa-miR-31-5p	7	0	1	0	2	2	4	0
1	23044310	23044330	20	+	hsa-miR-3115	0	10	0	5	5	0	0	12
2	189133044	189133066	22	-	hsa-miR-3129-3p	0	49	0	0	76	0	0	1
2	189133082	189133104	22	-	hsa-miR-3129-5p	0	82	0	1	106	0	0	0
2	219058725	219058748	23	-	hsa-miR-3131	0	3	0	1	3	0	0	3
3	69049004	69049027	23	-	hsa-miR-3136-5p	0	15	2	4	13	0	0	12
4	152489336	152489358	22	-	hsa-miR-3140-3p	0	2	0	5	3	0	0	4
6	27147629	27147654	25	+	hsa-miR-3143	0	9	0	4	14	0	0	6
8	95072925	95072947	22	+	hsa-miR-3150a-5p	1	1	0	4	5	0	0	3
10	96064369	96064391	22	-	hsa-miR-3157-5p	0	11	1	16	13	1	0	17
11	66934476	66934498	22	-	hsa-miR-3163	0	2	0	4	1	0	0	5
14	27633246	27633270	24	-	hsa-miR-3171	0	2	0	0	1	0	0	9
14	95137961	95137983	22	-	hsa-miR-3173-5p	0	3	1	2	5	0	0	5
16	2136076	2136095	19	-	hsa-miR-3180	1	0	1	7	6	6	1	6
16	14911281	14911303	22	+	hsa-miR-3180-3p	1	6	4	10	5	5	0	16
16	14911237	14911262	25	+	hsa-miR-3180-5p	0	1	5	5	3	3	1	6
16	83508349	83508366	17	+	hsa-miR-3182	128	60	54	50	64	325	46	65
20	62064812	62064829	17	+	hsa-miR-3195	102	0	39	1	0	62	39	0
9	109046231	109046253	22	-	hsa-miR-32-3p	0	109	4	83	174	2	0	207
9	109046272	109046294	22	-	hsa-miR-32-5p	1	548	16	490	908	4	0	960
22	30731610	30731632	22	+	hsa-miR-3200-3p	0	66	4	29	95	1	0	56
8	22244975	22244997	22	-	hsa-miR-320a-3p	17	374	167	359	483	149	5	521
1	116671787	116671809	22	+	hsa-miR-320b	3	11	7	4	14	9	0	7
18	21683559	21683579	20	+	hsa-miR-320c	2	9	3	4	11	6	1	13
13	40727828	40727847	19	-	hsa-miR-320d	3	11	1	1	8	4	0	3
14	101025782	101025803	21	+	hsa-miR-323a-3p	2	0	3	404	0	3	0	904
14	101056269	101056291	22	+	hsa-miR-323b-3p	2	1	2	125	0	2	0	232
17	7223308	7223331	23	-	hsa-miR-324-3p	4	251	26	100	221	21	0	167
17	7223343	7223365	22	-	hsa-miR-324-5p	3	137	6	56	150	7	1	111
11	75335108	75335128	20	-	hsa-miR-326	0	5	0	1	3	2	0	3
16	67202327	67202349	22	-	hsa-miR-328-3p	0	16	5	32	23	8	0	30
14	101026834	101026856	22	+	hsa-miR-329-3p	1	0	1	62	0	0	0	104
14	101026797	101026820	23	+	hsa-miR-329-5p	0	0	0	3	0	1	0	9
19	45639009	45639032	23	-	hsa-miR-330-3p	0	10	0	3	25	0	1	7
19	45639049	45639071	22	-	hsa-miR-330-5p	1	31	0	15	27	2	0	22
12	95308480	95308501	21	+	hsa-miR-331-3p	2	89	5	108	98	3	1	165
12	95308445	95308467	22	+	hsa-miR-331-5p	0	5	1	15	11	2	0	20
7	130496162	130496184	22	+	hsa-miR-335-3p	0	16	3	60	31	3	0	105
7	130496126	130496149	23	+	hsa-miR-335-5p	1	300	28	1197	474	13	0	1857
14	100874553	100874575	22	+	hsa-miR-337-3p	1	0	0	52	0	0	0	113
14	100874515	100874536	21	+	hsa-miR-337-5p	5	0	8	434	0	3	0	682
17	81125887	81125909	22	-	hsa-miR-338-3p	0	281	0	1	369	0	0	3
7	1022955	1022978	23	-	hsa-miR-339-3p	0	80	10	129	135	11	1	220
7	1022990	1023013	23	-	hsa-miR-339-5p	3	452	69	573	662	67	1	999
22	41900989	41901011	22	+	hsa-miR-33a-3p	0	84	0	22	83	0	0	55
22	41900949	41900970	21	+	hsa-miR-33a-5p	2	515	7	137	993	5	0	258
17	17813857	17813879	22	-	hsa-miR-33b-3p	0	12	3	6	6	1	0	18
17	17813897	17813917	20	-	hsa-miR-33b-5p	0	12	1	6	19	0	0	13
5	180015319	180015341	22	-	hsa-miR-340-3p	0	5	1	5	15	0	0	8
5	180015361	180015383	22	-	hsa-miR-340-5p	1	2822	17	1988	4495	9	1	5322
14	100109715	100109738	23	+	hsa-miR-342-3p	7	321	35	107	331	28	4	150
14	100307876	100307898	22	+	hsa-miR-345-5p	2	59	3	45	68	7	1	85
10	86264747	86264770	23	-	hsa-miR-346	0	2	0	0	7	0	0	1
1	9151693	9151715	22	-	hsa-miR-34a-3p	0	0	0	8	0	1	0	9
1	9151735	9151757	22	-	hsa-miR-34a-5p	26	2	8	634	7	5	3	1138
11	111513451	111513474	23	+	hsa-miR-34c-5p	0	0	3	107	0	2	1	180
1	33332405	33332428	23	-	hsa-miR-3605-3p	0	2	0	24	4	2	0	41
X	85903641	85903664	23	-	hsa-miR-361-3p	0	117	7	66	165	3	0	138
X	85903681	85903703	22	-	hsa-miR-361-5p	3	1794	103	1420	2440	21	2	2054
10	35079609	35079630	21	-	hsa-miR-3611	0	10	0	7	22	0	0	6
13	49996426	49996450	24	-	hsa-miR-3613-3p	0	1	0	6	2	1	0	5
13	49996465	49996487	22	-	hsa-miR-3613-5p	1	170	0	108	222	0	0	238
X	50009005	50009027	22	+	hsa-miR-362-3p	0	86	2	32	107	0	1	86
X	50008968	50008992	24	+	hsa-miR-362-5p	0	123	5	103	159	1	1	129
9	137169236	137169256	20	-	hsa-miR-3621	6	0	14	6	1	11	1	1
X	134169382	134169404	22	-	hsa-miR-363-3p	16	9103	28	248	17266	8	19	386
X	134169425	134169447	22	-	hsa-miR-363-5p	5	33	0	1	57	0	0	0
9	92292461	92292485	24	-	hsa-miR-3651	14	1	5	0	1	0	2	0
12	112037627	112037648	21	-	hsa-miR-3657	0	6	0	0	7	0	0	1
16	14309340	14309362	22	+	hsa-miR-365a-3p	0	510	4	710	624	7	0	1053
16	14309300	14309323	23	+	hsa-miR-365a-5p	0	2	3	4	1	2	1	10
17	31575478	31575500	22	+	hsa-miR-365b-3p	1	440	11	631	596	7	1	935
6	134979355	134979379	24	-	hsa-miR-3662	0	36	0	23	51	0	0	63
22	49543401	49543423	22	-	hsa-miR-3667-3p	0	2	0	5	6	1	0	10
2	134127130	134127153	23	+	hsa-miR-3679-5p	0	3	0	0	9	0	1	3
4	98997434	98997455	21	+	hsa-miR-3684	0	10	0	3	7	0	0	5
4	159128814	159128836	22	-	hsa-miR-3688-3p	0	7	0	2	20	0	0	4
9	134849494	134849516	22	-	hsa-miR-3689a-3p	0	0	0	3	0	0	0	12
9	134849534	134849556	22	-	hsa-miR-3689a-5p	0	0	50	650	0	22	0	1573
9	134850206	134850228	22	-	hsa-miR-3689b-5p	0	0	33	667	0	30	0	1593
9	134850614	134850636	22	-	hsa-miR-3689e	0	0	43	613	0	17	0	1549
9	134850783	134850805	22	-	hsa-miR-3689f	0	0	124	617	0	53	0	1485
14	101065641	101065662	21	+	hsa-miR-369-3p	2	0	8	282	0	1	0	616
14	101065606	101065628	22	+	hsa-miR-369-5p	0	1	5	248	0	5	0	400
14	100911186	100911208	22	+	hsa-miR-370-3p	0	0	41	92	0	19	0	148
14	100911151	100911173	22	+	hsa-miR-370-5p	0	0	1	13	0	0	0	22
X	74287295	74287317	22	-	hsa-miR-374a-3p	1	3317	23	2032	5247	8	0	5045
X	74287325	74287347	22	-	hsa-miR-374a-5p	5	4647	39	4201	7709	9	2	9439
X	74218557	74218579	22	-	hsa-miR-374b-3p	0	424	10	321	492	2	0	596
X	74218587	74218609	22	-	hsa-miR-374b-5p	2	600	22	543	897	4	0	1019
2	219001648	219001670	22	-	hsa-miR-375-3p	2	32	1	12	67	3	31	11
14	101040118	101040139	21	+	hsa-miR-376a-3p	6	2	40	1112	1	12	0	2160
14	101040788	101040810	22	+	hsa-miR-376a-5p	0	0	0	11	0	0	0	14
14	101040497	101040519	22	+	hsa-miR-376b-3p	7	0	7	561	1	13	0	1204
14	101040459	101040481	22	+	hsa-miR-376b-5p	0	0	1	36	0	0	0	68
14	101039732	101039753	21	+	hsa-miR-376c-3p	0	1	8	792	1	4	2	1154
14	101062094	101062116	22	+	hsa-miR-377-3p	0	0	3	53	1	3	0	103
5	149732867	149732889	22	+	hsa-miR-378a-3p	9	966	32	283	1197	24	2	463
5	149732829	149732851	22	+	hsa-miR-378a-5p	4	824	15	424	1137	9	0	583
10	130962634	130962659	25	-	hsa-miR-378c	3	101	0	14	131	1	2	47
4	5923279	5923299	20	-	hsa-miR-378d	1	13	1	5	17	0	0	4
14	101022109	101022131	22	+	hsa-miR-379-3p	0	0	0	38	0	0	0	71
14	101022071	101022092	21	+	hsa-miR-379-5p	8	1	37	1704	6	6	0	3849
14	101025056	101025078	22	+	hsa-miR-380-3p	0	0	0	17	0	0	0	28
14	101045968	101045990	22	+	hsa-miR-381-3p	1	3	144	1717	7	30	0	3420
14	101054352	101054373	21	+	hsa-miR-382-3p	1	0	0	11	0	0	0	19
14	101054316	101054338	22	+	hsa-miR-382-5p	14	1	43	727	2	17	0	1807
22	35335710	35335732	22	+	hsa-miR-3909	0	1	0	3	7	0	0	5
5	171386678	171386699	21	-	hsa-miR-3912-3p	0	1	0	5	3	0	0	9
22	31160062	31160084	22	-	hsa-miR-3928-3p	0	2	1	4	5	2	0	22
6	33698191	33698213	22	+	hsa-miR-3934-3p	0	0	2	3	1	0	0	5
19	6416434	6416456	22	-	hsa-miR-3940-3p	0	3	0	1	5	0	0	4
15	35372321	35372343	22	-	hsa-miR-3942-5p	0	5	0	0	7	0	0	3
14	101065346	101065368	22	+	hsa-miR-409-3p	6	0	60	855	3	16	0	1613
14	101065314	101065337	23	+	hsa-miR-409-5p	3	1	5	88	0	1	0	171
14	101065961	101065982	21	+	hsa-miR-410-3p	0	0	0	4	0	0	0	9
14	101065925	101065946	21	+	hsa-miR-410-5p	0	0	0	4	0	3	0	10
14	101023375	101023397	22	+	hsa-miR-411-3p	0	0	0	6	0	0	0	23
14	101023340	101023361	21	+	hsa-miR-411-5p	6	1	24	905	2	3	1	1874
14	101065465	101065488	23	+	hsa-miR-412-5p	0	0	0	39	0	0	0	67
X	74218392	74218415	23	-	hsa-miR-421	2	672	22	397	834	8	4	974
17	30117131	30117154	23	+	hsa-miR-423-3p	15	302	104	323	341	156	2	494
17	30117095	30117118	23	+	hsa-miR-423-5p	37	559	183	598	637	215	11	845
X	134546644	134546665	21	-	hsa-miR-424-3p	0	16	28	39	37	41	0	49
X	134546680	134546702	22	-	hsa-miR-424-5p	6	450	17	908	926	9	2	1899
3	49020159	49020181	22	-	hsa-miR-425-3p	6	437	16	181	469	8	2	348
3	49020199	49020222	23	-	hsa-miR-425-5p	20	670	42	282	718	28	10	416
1	1169055	1169077	22	+	hsa-miR-429	1	3	1	2	3	0	1	3
14	100881069	100881091	22	+	hsa-miR-431-3p	0	0	4	16	0	0	0	19
14	100881026	100881047	21	+	hsa-miR-431-5p	0	0	8	64	0	2	0	180
14	100884496	100884519	23	+	hsa-miR-432-5p	4	0	49	522	0	19	0	1179
3	48196572	48196589	17	+	hsa-miR-4443	33	8	8	3	15	2	11	13
4	52712720	52712742	22	+	hsa-miR-4449	24	0	4	0	1	3	17	0
4	76573572	76573594	22	+	hsa-miR-4450	0	38	0	0	43	0	0	0
4	163093607	163093627	20	-	hsa-miR-4454	15	13	1	2	9	4	6	20
5	8460933	8460952	19	+	hsa-miR-4458	0	9	0	4	5	0	0	4
7	102471472	102471494	22	+	hsa-miR-4467	0	2	0	3	2	0	0	4
11	61508599	61508617	18	+	hsa-miR-4488	8	4	31	5	1	21	3	1
11	118910765	118910782	17	+	hsa-miR-4492	39	5	44	5	0	23	15	2
12	109833350	109833367	17	+	hsa-miR-4497	761	0	166	0	0	220	469	0
5	55170586	55170608	22	-	hsa-miR-449a	0	102	1	9	88	0	0	41
5	55172313	55172338	25	-	hsa-miR-449c-5p	0	7	0	0	2	0	0	3
15	23562107	23562124	17	-	hsa-miR-4508	29	0	37	2	0	12	10	2
X	134540358	134540380	22	-	hsa-miR-450a-1-3p	0	11	0	21	13	0	0	27
X	134540529	134540551	22	-	hsa-miR-450a-2-3p	0	6	0	12	6	0	0	10
X	134540393	134540415	22	-	hsa-miR-450a-5p	0	6	0	4	4	0	0	8
X	134540231	134540253	22	-	hsa-miR-450b-5p	0	84	4	101	163	4	0	215
16	2133120	2133137	17	+	hsa-miR-4516	128	6	149	55	3	89	18	11
17	8186948	8186970	22	+	hsa-miR-4521	2	12	0	5	17	2	2	11
17	59137787	59137810	23	-	hsa-miR-454-3p	4	847	8	317	984	5	0	617
17	59137828	59137850	22	-	hsa-miR-454-5p	1	61	10	41	96	1	0	124
9	114209487	114209508	21	+	hsa-miR-455-3p	1	33	7	149	26	6	1	375
9	114209449	114209471	22	+	hsa-miR-455-5p	3	235	47	1129	290	33	0	3018
8	124821990	124822012	22	+	hsa-miR-4662a-5p	0	1	0	12	2	1	0	24
10	72721072	72721094	22	+	hsa-miR-4676-3p	0	1	0	6	4	1	0	3
1	243346225	243346247	22	+	hsa-miR-4677-3p	0	19	0	7	24	0	0	12
19	4445987	4446010	23	+	hsa-miR-4746-5p	0	4	0	3	15	0	0	5
22	40813893	40813914	21	-	hsa-miR-4766-3p	0	12	0	3	14	0	0	16
2	102432336	102432358	22	+	hsa-miR-4772-3p	0	0	2	9	1	0	0	21
2	207754816	207754838	22	+	hsa-miR-4775	0	4	0	1	3	0	0	12
2	127423546	127423569	23	-	hsa-miR-4783-3p	0	7	0	0	14	0	0	0
3	50675130	50675154	24	+	hsa-miR-4787-3p	0	4	3	1	4	0	0	1
3	19314907	19314925	18	-	hsa-miR-4791	0	5	0	3	4	0	0	5
4	7310459	7310481	22	+	hsa-miR-4798-5p	0	0	0	16	0	0	0	32
16	15643301	15643323	22	+	hsa-miR-484	0	12	4	7	31	13	0	8
14	101055464	101055486	22	+	hsa-miR-485-3p	2	0	8	214	0	3	0	312
14	101055427	101055449	22	+	hsa-miR-485-5p	0	0	1	4	0	3	0	9
8	41660484	41660506	22	-	hsa-miR-486-5p	3	0	1	4	0	1	0	7
14	101052494	101052516	22	+	hsa-miR-487a-3p	0	0	1	12	0	0	0	18
14	101052458	101052480	22	+	hsa-miR-487a-5p	0	0	0	1	0	0	0	9
14	101046505	101046527	22	+	hsa-miR-487b-3p	0	0	5	170	0	2	0	290
14	101046469	101046491	22	+	hsa-miR-487b-5p	1	0	0	11	0	3	0	17
1	177029374	177029395	21	-	hsa-miR-488-3p	0	5	0	2	3	0	0	2
9	20716154	20716176	22	+	hsa-miR-491-3p	0	10	0	10	14	0	0	20
9	20716120	20716142	22	+	hsa-miR-491-5p	0	1	2	8	12	4	1	9
14	100869116	100869138	22	+	hsa-miR-493-3p	0	0	5	273	0	1	0	621
14	100869075	100869097	22	+	hsa-miR-493-5p	0	0	3	247	0	6	0	532
14	101029681	101029703	22	+	hsa-miR-494-3p	3	1	8	89	0	6	7	122
14	101033804	101033826	22	+	hsa-miR-495-3p	0	0	1	3	0	1	0	5
14	101033768	101033790	22	+	hsa-miR-495-5p	0	0	1	25	0	1	0	34
14	101060628	101060650	22	+	hsa-miR-496	0	0	0	15	0	0	0	54
17	7017938	7017960	22	-	hsa-miR-497-3p	1	1	0	4	3	0	0	2
17	7017979	7018000	21	-	hsa-miR-497-5p	0	47	2	70	65	0	0	130
20	34990408	34990429	21	+	hsa-miR-499a-5p	0	13	0	9	12	0	0	11
2	75090873	75090895	22	+	hsa-miR-5000-3p	0	10	0	4	18	0	0	17
15	89883987	89884011	24	-	hsa-miR-5009-5p	0	8	0	3	6	0	0	3
X	50008482	50008504	22	+	hsa-miR-500a-3p	0	113	18	59	170	4	1	144
X	50008443	50008466	23	+	hsa-miR-500a-5p	0	12	0	4	18	1	0	9
X	50009772	50009794	22	+	hsa-miR-501-3p	6	14	6	10	17	2	3	7
X	50009735	50009757	22	+	hsa-miR-501-5p	1	6	0	0	1	2	0	1
X	50014649	50014671	22	+	hsa-miR-502-3p	0	39	2	24	58	3	1	29
X	134546331	134546354	23	-	hsa-miR-503-3p	1	6	2	11	9	6	0	44
X	134546371	134546394	23	-	hsa-miR-503-5p	6	136	23	384	248	9	0	758
X	139924160	139924182	22	-	hsa-miR-505-3p	0	18	1	8	20	0	0	23
1	161227195	161227217	22	+	hsa-miR-5187-5p	0	1	0	1	4	0	0	4
X	50003204	50003226	22	+	hsa-miR-532-3p	0	200	14	157	274	12	1	183
X	50003167	50003189	22	+	hsa-miR-532-5p	4	3186	173	1863	4786	43	4	3398
14	101047369	101047391	22	+	hsa-miR-539-3p	1	1	3	234	0	0	0	606
X	134541364	134541386	22	-	hsa-miR-542-3p	4	385	2	411	745	0	0	1051
X	134541400	134541423	23	-	hsa-miR-542-5p	0	17	1	42	44	0	0	51
14	101032033	101032055	22	+	hsa-miR-543	0	0	0	9	0	1	0	18
14	101048712	101048734	22	+	hsa-miR-544a	0	0	1	2	0	0	0	12
3	124732486	124732508	22	+	hsa-miR-544b	0	3	0	6	2	0	0	11
X	74287126	74287148	22	-	hsa-miR-545-3p	0	14	0	10	12	0	0	11
X	74287164	74287186	22	-	hsa-miR-545-5p	0	25	0	22	29	0	0	56
6	18571844	18571866	22	+	hsa-miR-548a-3p	0	49	2	57	36	0	0	121
8	104484420	104484442	22	-	hsa-miR-548a-5p	0	4	0	9	7	0	0	18
3	32506305	32506327	22	-	hsa-miR-548ay-3p	0	59	0	10	38	1	0	25
6	119069062	119069084	22	-	hsa-miR-548b-3p	0	148	1	81	220	1	1	217
10	110988978	110989000	22	+	hsa-miR-548e-3p	0	31	0	8	21	0	0	31
10	110988940	110988962	22	+	hsa-miR-548e-5p	0	33	0	13	52	3	0	38
6	131792174	131792196	22	+	hsa-miR-548h-5p	1	1	0	0	2	0	0	6
22	26555274	26555296	22	-	hsa-miR-548j-5p	0	25	0	2	27	0	1	9
11	70283986	70284008	22	+	hsa-miR-548k	0	16	1	14	21	1	0	24
11	94466545	94466567	22	-	hsa-miR-548l	0	5	0	3	3	0	0	5
7	34940804	34940826	22	-	hsa-miR-548n	0	17	0	21	21	0	0	41
7	102405748	102405770	22	-	hsa-miR-548o-3p	0	6	0	4	2	0	0	8
6	57390180	57390203	23	+	hsa-miR-548u	0	4	0	3	9	0	0	21
7	29680748	29680770	22	-	hsa-miR-550a-3p	0	0	1	1	2	0	0	9
1	3560710	3560731	21	-	hsa-miR-551a	1	153	0	16	303	2	0	21
3	168551914	168551935	21	+	hsa-miR-551b-3p	0	7	0	9	4	0	0	16
1	162342600	162342622	22	+	hsa-miR-556-3p	0	17	0	2	24	0	0	5
18	39676719	39676741	22	-	hsa-miR-5583-3p	0	1	0	3	4	0	0	2
2	188297552	188297574	22	+	hsa-miR-561-3p	1	133	1	18	257	0	0	32
2	188297517	188297539	22	+	hsa-miR-561-5p	0	216	2	27	431	2	0	39
3	171106679	171106700	21	-	hsa-miR-569	1	51	0	2	22	0	0	3
1	9967390	9967412	22	+	hsa-miR-5697	0	2	0	0	8	0	0	1
10	641699	641721	22	-	hsa-miR-5699-3p	0	5	0	0	7	0	0	3
10	641748	641770	22	-	hsa-miR-5699-5p	0	29	0	7	46	1	1	11
3	195699460	195699482	22	+	hsa-miR-570-3p	0	18	0	7	25	0	0	18
4	24520252	24520276	24	-	hsa-miR-573	0	7	0	4	13	0	0	12
4	38868092	38868114	22	+	hsa-miR-574-3p	3	497	68	1031	690	54	4	1065
4	109488752	109488774	22	+	hsa-miR-576-3p	0	3	0	2	2	0	0	8
4	109488713	109488735	22	+	hsa-miR-576-5p	1	82	10	66	107	3	0	120
5	32394392	32394415	23	-	hsa-miR-579-3p	0	27	0	18	37	0	0	23
5	32394430	32394452	22	-	hsa-miR-579-5p	0	17	1	1	28	0	0	13
5	36147907	36147929	22	-	hsa-miR-580-3p	0	28	0	12	33	0	0	28
5	59703630	59703652	22	-	hsa-miR-582-3p	1	167	3	89	115	1	0	213
5	59703666	59703689	23	-	hsa-miR-582-5p	0	69	0	26	65	0	0	45
5	149062373	149062395	22	-	hsa-miR-584-5p	1	2	7	171	1	5	0	311
7	5495834	5495858	24	-	hsa-miR-589-3p	0	78	8	70	114	3	0	101
7	5495873	5495895	22	-	hsa-miR-589-5p	1	101	15	114	141	7	1	139
7	74191253	74191274	21	+	hsa-miR-590-3p	0	1455	4	947	2032	0	0	2262
7	74191213	74191235	22	+	hsa-miR-590-5p	1	414	0	269	607	0	0	697
8	9741687	9741709	22	+	hsa-miR-597-5p	0	3	0	1	2	0	0	5
8	11035221	11035243	22	-	hsa-miR-598-3p	0	350	14	434	555	4	3	899
1	20633756	20633776	20	+	hsa-miR-6084	19	0	0	0	0	0	7	0
16	3485422	3485440	18	-	hsa-miR-6126	489	0	53	0	0	183	159	0
12	54034010	54034032	22	+	hsa-miR-615-3p	1	95	34	169	97	15	3	242
14	31014669	31014690	21	-	hsa-miR-624-3p	0	5	0	4	15	0	0	3
14	31014706	31014728	22	-	hsa-miR-624-5p	0	60	0	54	89	0	1	76
14	65471153	65471175	22	+	hsa-miR-625-3p	2	305	114	532	316	35	0	707
14	65471116	65471137	21	+	hsa-miR-625-5p	0	23	2	38	13	2	0	49
15	42199630	42199652	22	-	hsa-miR-627-5p	0	34	2	48	48	2	0	82
15	55372954	55372975	21	-	hsa-miR-628-3p	0	35	3	3	18	1	0	16
15	55372991	55373013	22	-	hsa-miR-628-5p	0	208	3	38	167	0	0	86
15	70079387	70079409	22	-	hsa-miR-629-3p	0	28	0	3	36	1	0	8
15	70079427	70079448	21	-	hsa-miR-629-5p	5	232	5	31	315	6	0	73
19	40282603	40282627	24	-	hsa-miR-641	0	10	1	5	9	0	0	10
19	45674978	45675000	22	+	hsa-miR-642a-3p	1	17	9	8	49	0	0	3
19	45674943	45674965	22	+	hsa-miR-642a-5p	0	55	5	36	98	0	0	33
19	52281857	52281879	22	+	hsa-miR-643	0	6	0	5	4	0	0	3
12	48132800	48132822	22	+	hsa-miR-6505-5p	0	6	0	4	7	0	0	4
X	8127018	8127040	22	+	hsa-miR-651-3p	0	7	0	0	5	0	0	0
X	8126980	8127002	22	+	hsa-miR-651-5p	0	313	0	0	444	0	0	0
11	62792749	62792772	23	-	hsa-miR-6514-5p	1	4	0	2	2	0	0	4
X	110055389	110055410	21	+	hsa-miR-652-3p	0	10	0	12	6	2	0	6
X	110055349	110055374	25	+	hsa-miR-652-5p	0	24	0	6	38	0	0	16
14	101040269	101040291	22	+	hsa-miR-654-3p	6	2	50	1714	3	11	0	3571
14	101049610	101049632	22	+	hsa-miR-655-3p	0	0	3	43	1	0	0	82
14	101066766	101066787	21	+	hsa-miR-656-3p	0	0	1	9	0	0	0	39
22	37847732	37847754	22	-	hsa-miR-659-5p	0	2	0	2	3	1	0	2
X	50013256	50013278	22	+	hsa-miR-660-5p	5	2170	50	1052	3135	13	4	2379
1	220200549	220200572	23	-	hsa-miR-664a-3p	0	4	0	1	6	0	0	1
1	220200586	220200610	24	-	hsa-miR-664a-5p	0	9	2	4	6	0	0	6
14	100875075	100875095	20	+	hsa-miR-665	0	0	3	6	0	1	0	16
14	101055300	101055323	23	+	hsa-miR-668-3p	6	0	25	0	0	14	14	1
7	151238488	151238509	21	+	hsa-miR-671-3p	0	26	4	22	31	11	0	24
7	151238449	151238472	23	+	hsa-miR-671-5p	3	117	4	59	111	10	2	96
6	1390324	1390346	22	-	hsa-miR-6720-3p	0	0	4	4	0	0	0	4
6	1390359	1390382	23	-	hsa-miR-6720-5p	0	0	1	5	2	2	0	6
21	8205325	8205348	23	+	hsa-miR-6724-5p	3	3	7	0	0	19	2	0
1	43171686	43171708	22	-	hsa-miR-6733-5p	0	3	0	1	5	0	0	11
11	1996800	1996823	23	-	hsa-miR-675-5p	0	3	0	1	1	0	0	8
X	70022899	70022920	21	+	hsa-miR-676-3p	1	44	1	11	39	0	0	21
19	58550285	58550307	22	+	hsa-miR-6807-5p	3	1	2	0	2	3	0	1
22	49962866	49962889	23	+	hsa-miR-6821-5p	5	0	1	0	0	6	0	0
6	33290245	33290266	21	+	hsa-miR-6834-5p	19	0	0	0	0	1	5	0
8	124508515	124508536	21	-	hsa-miR-6844	0	2	0	4	4	0	0	4
9	83969771	83969793	22	-	hsa-miR-7-1-3p	0	234	15	210	380	24	0	409
9	83969811	83969835	24	-	hsa-miR-7-5p	7	3952	208	4505	5589	100	12	13631
11	79402032	79402054	22	-	hsa-miR-708-3p	0	0	2	41	3	3	0	68
11	79402077	79402100	23	-	hsa-miR-708-5p	0	5	74	796	3	34	0	1390
17	12081966	12081988	22	+	hsa-miR-744-3p	0	23	0	11	27	0	0	23
17	12081909	12081931	22	+	hsa-miR-744-5p	14	338	86	287	334	57	7	452
14	101026071	101026093	22	+	hsa-miR-758-3p	0	0	1	62	0	0	0	156
1	93846880	93846900	20	+	hsa-miR-760	0	1	6	2	0	0	1	0
X	119646763	119646785	22	-	hsa-miR-766-3p	0	3	1	2	2	1	0	1
X	119646799	119646821	22	-	hsa-miR-766-5p	0	4	1	2	4	2	0	3
X	152393447	152393470	23	-	hsa-miR-767-3p	0	17	3	19	16	1	0	23
X	152393481	152393504	23	-	hsa-miR-767-5p	0	280	23	296	387	19	3	594
19	46019000	46019023	23	+	hsa-miR-769-3p	5	71	3	46	94	9	0	76
19	46018961	46018983	22	+	hsa-miR-769-5p	7	1079	28	519	1562	19	0	1140
2	176188843	176188862	19	+	hsa-miR-7704	1218	4	137	4	1	186	708	2
15	85380639	85380663	24	+	hsa-miR-7706	1	5	1	8	11	0	0	13
19	11495544	11495568	24	-	hsa-miR-7974	0	73	0	63	112	0	0	96
3	176515103	176515121	18	+	hsa-miR-7977	11	67	20	54	86	12	7	55
9	28888925	28888946	21	-	hsa-miR-873-5p	0	0	1	4	0	0	0	5
5	137647582	137647604	22	-	hsa-miR-874-3p	0	9	3	6	8	2	0	4
5	137647618	137647641	23	-	hsa-miR-874-5p	0	6	1	2	3	4	0	1
5	15935229	15935251	22	+	hsa-miR-887-3p	0	17	0	0	6	0	0	0
14	101047949	101047970	21	+	hsa-miR-889-3p	3	0	6	634	0	2	0	1407
1	156420354	156420376	22	-	hsa-miR-9-3p	0	504	17	484	592	2	1	835
1	156420392	156420415	23	-	hsa-miR-9-5p	5	7260	116	4230	9541	24	1	7949
13	91351324	91351347	23	+	hsa-miR-92a-1-5p	1	6	24	10	7	51	0	15
13	91351361	91351383	22	+	hsa-miR-92a-3p	29	4350	510	3740	7043	188	10	5874
1	155195237	155195259	22	+	hsa-miR-92b-3p	1	223	31	107	279	8	3	228
1	155195196	155195218	22	+	hsa-miR-92b-5p	4	1	1	2	0	5	1	1
7	100093777	100093799	22	-	hsa-miR-93-3p	2	73	32	65	94	20	2	89
7	100093815	100093838	23	-	hsa-miR-93-5p	137	35835	2334	25277	47366	666	120	46919
19	53982362	53982385	23	+	hsa-miR-935	3	67	46	735	64	24	0	1003
20	63919495	63919518	23	+	hsa-miR-941	0	13	13	30	16	10	0	57
1	117094655	117094677	22	+	hsa-miR-942-5p	0	215	20	132	260	10	0	320
4	8005312	8005334	22	-	hsa-miR-95-3p	1	1157	4	76	1884	1	2	157
7	129774739	129774762	23	-	hsa-miR-96-5p	3	2607	26	1377	3968	11	8	2656
X	53556241	53556263	22	-	hsa-miR-98-3p	0	8	0	27	12	0	0	69
X	53556299	53556321	22	-	hsa-miR-98-5p	3	113	27	726	87	6	3	1578
16	34163601	34163622	21	+	hsa-miR-9901	12	0	1	2	1	3	6	1
8	98393667	98393689	22	-	hsa-miR-9903	0	26	1	15	23	1	0	45
21	16539138	16539160	22	+	hsa-miR-99a-3p	1	629	0	0	803	0	0	0
21	16539101	16539123	22	+	hsa-miR-99a-5p	27	5344	5	9	6858	3	5	10
19	51692656	51692678	22	+	hsa-miR-99b-3p	8	161	39	225	151	9	3	433
19	51692618	51692640	22	+	hsa-miR-99b-5p	33	2051	453	3695	2715	194	12	6090
