microRNA ID	Chromosome	Start	Stop	Length	Strand	Total counts	Maximum counts	Geometric mean	Arithmetic mean	P-value (EV CL1-0 vs. CE CL1-0)	FDR step up (EV CL1-0 vs. CE CL1-0)	Ratio (EV CL1-0 vs. CE CL1-0)	Log2(Ratio) (EV CL1-0 vs. CE CL1-0)	Fold change (EV CL1-0 vs. CE CL1-0)	LSMean(EV CL1-0) (EV CL1-0 vs. CE CL1-0)	LSMean(CE CL1-0) (EV CL1-0 vs. CE CL1-0)	FC 95% lower limit (EV CL1-0 vs. CE CL1-0)	FC 95% upper limit (EV CL1-0 vs. CE CL1-0)
hsa-let-7b-5p	22	46113691	46113713	22	+	36152.83255039049E0	13830.913961746932E0	2730.757409241435E0	4519.104068798812E0	2.148224803754431E-4	0.0010587679389932553E0	8.05400398691687E0	3.0097061864510093E0	8.05400398691687E0	3441.2261392552664E0	427.2689886462613E0	3.8122100127012044E0	17.01558413758802E0
hsa-let-7d-5p	9	94178841	94178863	22	+	8645.636600155447E0	3373.1984053971173E0	530.2372440502927E0	1080.7045750194309E0	1.8938054933629594E-4	0.0010051736849388015E0	37.49483203198921E0	5.228619855412704E0	37.49483203198921E0	2020.8610411386705E0	53.89705541760304E0	11.30284173284448E0	124.38132483283779E0
hsa-let-7i-5p	12	62603691	62603713	22	+	208025.3986643775E0	61137.607765012086E0	13444.577971198232E0	26003.17483304719E0	1.847145918512714E-5	2.5490613675475455E-4	11.532110065538593E0	3.5275846063653313E0	11.532110065538593E0	15632.438397914404E0	1355.557508783575E0	6.085330680058483E0	21.854122570446485E0
hsa-miR-100-5p	11	122152275	122152297	22	-	109482.72160282344E0	40276.70028445824E0	6807.760587329073E0	13685.34020035293E0	0.008823981672001761E0	0.017150837616003424E0	2.0743171850012563E0	1.0526365143249783E0	2.0743171850012563E0	2995.543688001788E0	1444.110721972771E0	1.2748781147677448E0	3.3750612973503062E0
hsa-miR-101-3p	1	65058442	65058463	21	-	6925.969147809574E0	1775.1789556298293E0	697.1754742368524E0	865.7461434761967E0	0.004984414193145838E0	0.011464152644235427E0	0.3401727901285822E0	-1.555660348114488E0	-2.9396825055349347E0	585.205932524073E0	1720.3196422895387E0	-5.621892959502717E0	-1.53715719875829E0
hsa-miR-107	10	89592756	89592779	23	-	7760.423228145632E0	1455.938514871287E0	886.319816565465E0	970.052903518204E0	0.014316116782613193E0	0.02565745605195611E0	0.36855305039882075E0	-1.4400557956791542E0	-2.713313589231928E0	529.495626117388E0	1436.6876780253515E0	-5.731237182613967E0	-1.2845517292224282E0
hsa-miR-10a-5p	17	48579904	48579927	23	-	16406.23357443106E0	6133.088009812941E0	1237.0828006830473E0	2050.7791968038823E0	0.007226898248461319E0	0.014666352327759737E0	13.99924275422397E0	3.807276886038154E0	13.99924275422397E0	3456.5161497532677E0	246.90736555517742E0	3.429214708375038E0	57.14976003487354E0
hsa-miR-125b-1-3p	11	122099769	122099791	22	-	9611.659796173091E0	6043.23718148402E0	528.8274253510483E0	1201.4574745216364E0	0.04710223760686458E0	0.06915009350795012E0	3.3405169946739046E0	1.7400713984874505E0	3.3405169946739046E0	487.5890386854344E0	145.96214878221826E0	1.0959389944629188E0	10.182185183741764E0
hsa-miR-125b-5p	11	122099809	122099831	22	-	322201.89344539575E0	62746.952003355844E0	36547.50359764362E0	40275.23668067447E0	6.049814042871957E-4	0.0021407034305546925E0	0.3080791405579087E0	-1.6986270912911263E0	-3.245919208256273E0	18963.73021587958E0	61554.73618015241E0	-5.34294921131033E0	-1.9719430392906796E0
hsa-miR-128-3p	2	135665446	135665467	21	+	18715.136058433498E0	4694.625241877648E0	1940.5041808651733E0	2339.3920073041872E0	0.002949663897022679E0	0.007337932705905828E0	0.23667804704342912E0	-2.0790021990825402E0	-4.225148941745769E0	1100.897839666728E0	4651.457343370039E0	-9.72986840802973E0	-1.8347507727034464E0
hsa-miR-1292-5p	20	2652779	2652804	25	+	1880.7831747814835E0	919.9632014719411E0	32.830818129869016E0	235.09789684768543E0	5.386651289374168E-5	3.912409883861238E-4	271.3417456311521E0	8.083967211526224E0	271.3417456311521E0	849.953745582767E0	3.132410543027433E0	48.1096538645788E0	1530.3860453747507E0
hsa-miR-1307-3p	10	103394301	103394323	22	-	5465.083586426191E0	1744.4395987788923E0	286.82587027436557E0	683.1354483032738E0	7.283938507046488E-5	4.786588161773406E-4	16.85688740078514E0	4.0752662642627895E0	16.85688740078514E0	1337.542784268202E0	79.34696078991783E0	7.03236709462394E0	40.406686542284966E0
hsa-miR-130a-3p	11	57641252	57641274	22	+	55837.8175335275E0	14727.240692945781E0	4769.434144353325E0	6979.727191690938E0	4.581223782374141E-5	3.912409883861238E-4	0.13028677803216937E0	-2.940237413401119E0	-7.67537592919128E0	1769.421516546954E0	13580.975321371741E0	-13.866876994030678E0	-4.248353517505685E0
hsa-miR-130b-3p	22	21653354	21653376	22	+	12495.280724717672E0	2514.067433989242E0	1413.4105357668875E0	1561.910090589709E0	0.038207929341304056E0	0.05832543694120292E0	0.4963822770160769E0	-1.0104764889224558E0	-2.0145763583892258E0	1003.2809458280908E0	2021.18607452672E0	-3.903242999997696E0	-1.0397809984628654E0
hsa-miR-141-3p	12	6964155	6964177	22	+	14855.191436781926E0	12879.484820607177E0	320.45354338241737E0	1856.8989295977408E0	0.009991673832631066E0	0.019150708179209542E0	40.037299965810874E0	5.323272779918453E0	40.037299965810874E0	6774.0042487436995E0	169.1923344058486E0	5.554922603469471E0	288.5702471446017E0
hsa-miR-142-3p	17	58331245	58331268	23	-	14072.36187174821E0	7973.014412756823E0	259.1383612668898E0	1759.0452339685262E0	3.47821790515733E-6	8.790616019067002E-5	233.95233876395844E0	7.8700708408123345E0	233.95233876395844E0	5936.367930612396E0	25.374261939450207E0	77.25748332005442E0	708.4581902102711E0
hsa-miR-142-5p	17	58331283	58331304	21	-	3850.002870000115E0	1839.9264029438823E0	45.33713487886719E0	481.25035875001436E0	5.1657537749923045E-5	3.912409883861238E-4	322.987403745799E0	8.335334091821409E0	322.987403745799E0	1588.486878352164E0	4.918107822100978E0	59.176344171299505E0	1762.881172187168E0
hsa-miR-143-3p	5	149428978	149428999	21	+	10134.953670009443E0	8586.323213738116E0	73.464247569624E0	1266.8692087511804E0	4.258573232083203E-4	0.0017284797236102412E0	493.859961891506E0	8.94795820137026E0	493.859961891506E0	4571.713138902484E0	9.2571042135188E0	51.75698233233661E0	4712.362486541216E0
hsa-miR-146a-5p	5	160485372	160485394	22	+	21153.712139249386E0	13799.448022079117E0	362.72600992429744E0	2644.2140174061733E0	1.2239151527738548E-6	8.445014554139599E-5	219.4137677293909E0	7.777510244283995E0	219.4137677293909E0	9908.08055700056E0	45.157059424822705E0	84.42058719982612E0	570.2684980768088E0
hsa-miR-148a-3p	7	25949922	25949944	22	-	51966.636081678334E0	11099.894286721079E0	4698.469220974892E0	6495.829510209792E0	0.008486161367402455E0	0.016729860981450555E0	0.23875828949393219E0	-2.0663772716691207E0	-4.188336254710076E0	2634.1698421199617E0	11032.789053483542E0	-14.226768455377417E0	-1.233039016382407E0
hsa-miR-148b-3p	12	54337278	54337300	22	+	46141.13728271918E0	10533.233016828412E0	5010.545715264852E0	5767.642160339898E0	0.0012939196162648629E0	0.003960432386149443E0	0.27384310418042895E0	-1.868578543496474E0	-3.651726060412764E0	2731.2913054508463E0	9973.927640875201E0	-6.9718054128376306E0	-1.912718790995364E0
hsa-miR-151a-3p	8	140732587	140732608	21	-	16667.025051915774E0	4460.822342901474E0	1644.1701624532886E0	2083.378131489472E0	0.004950242905679379E0	0.011464152644235427E0	0.293581303048173E0	-1.7681680029276001E0	-3.4062114637999024E0	543.2993450921203E0	1850.592457910779E0	-7.570642148417693E0	-1.5325353264183557E0
hsa-miR-155-5p	21	25573983	25574007	24	+	5580.8731666279145E0	1874.8383760020688E0	221.74991613045452E0	697.6091458284893E0	1.1279263060697605E-4	6.380718786360214E-4	84.7856208850184E0	6.405747708297757E0	84.7856208850184E0	710.4302643121757E0	8.37913618327957E0	18.65775346574489E0	385.28762436786076E0
hsa-miR-15b-5p	3	160404607	160404629	22	+	33650.747594982124E0	8986.53799987865E0	3133.0479378370014E0	4206.3434493727655E0	5.207822267615276E-4	0.0019423769538673193E0	0.20196879856538033E0	-2.307795661473921E0	-4.951259833712805E0	1072.794971209507E0	5311.686652193599E0	-9.611433371042965E0	-2.5506054086371472E0
hsa-miR-16-5p	3	160404754	160404776	22	+	495679.9945303301E0	90291.42605396935E0	54162.76956742509E0	61959.999316291265E0	5.567830134816913E-4	0.002022001470012458E0	0.28133549343096886E0	-1.8296365196019484E0	-3.5544750781520906E0	23729.19085093605E0	84344.81752243062E0	-6.041221359563988E0	-2.0913474824428824E0
hsa-miR-17-5p	13	91350618	91350641	23	+	12706.67459440427E0	3100.2829540260764E0	1294.6533741491492E0	1588.3343243005338E0	0.002977711822686423E0	0.007337932705905828E0	0.25806721681940775E0	-1.9541812124095062E0	-3.8749594478704656E0	473.78531971070333E0	1835.8989012952716E0	-8.319425291149825E0	-1.8048495175037895E0
hsa-miR-192-5p	11	64891203	64891224	21	-	9741.127520142816E0	3882.1058847058603E0	578.2778287873692E0	1217.640940017852E0	0.0027302062701551415E0	0.006977193801507583E0	0.10036653765692172E0	-3.316649741964781E0	-9.96348009351736E0	376.1684258720643E0	3747.9466244411296E0	-34.77269236790883E0	-2.85485330050348E0
hsa-miR-193a-5p	17	31560016	31560038	22	+	2839.733529506572E0	1121.4254563578593E0	200.878672312516E0	354.9666911883215E0	0.002549207172519592E0	0.006687016384448808E0	8.525018505682967E0	3.091702965870308E0	8.525018505682967E0	418.0750133040175E0	49.0409508054463E0	2.8741536457278536E0	25.286031813317532E0
hsa-miR-196a-5p	12	53991762	53991784	22	+	20818.891553071822E0	4315.43509109437E0	1812.8123706897275E0	2602.361444133978E0	0.002436969910707945E0	0.006594153876033263E0	0.12737030200934246E0	-2.9728991606086934E0	-7.851123725267223E0	515.6919071426546E0	4048.7609685049256E0	-30.040117453478764E0	-2.0519275214190515E0
hsa-miR-199a-3p	1	172144554	172144576	22	-	28945.663635724566E0	11383.224921667414E0	920.3178408506359E0	3618.2079544655708E0	0.02122666817941851E0	0.03661600260949693E0	0.3514027909580546E0	-1.5088024451308435E0	-2.8457372158986796E0	3665.058225897519E0	10429.792593714183E0	-7.137920307610534E0	-1.1345349839947572E0
hsa-miR-199b-3p	9	128244745	128244767	22	-	28361.20507255452E0	11137.989162007982E0	747.0117665304028E0	3545.150634069315E0	0.029738187757634465E0	0.04944421578980188E0	0.3535866415576974E0	-1.4998643238981444E0	-2.828161142045923E0	3650.759076415031E0	10324.934960701154E0	-7.090810264879697E0	-1.1280086684866617E0
hsa-miR-19a-3p	13	91350939	91350962	23	+	35178.191427317885E0	11441.669952096685E0	2118.410596816546E0	4397.273928414736E0	3.3054953637910196E-4	0.0014714785813005184E0	0.0794695670314021E0	-3.6534537054611795E0	-12.58343334882967E0	529.4956261173902E0	6662.872922594404E0	-33.515449749206816E0	-4.724471729584534E0
hsa-miR-19b-3p	13	91351245	91351268	23	+	105046.51199220424E0	37567.150647487855E0	5456.392411431377E0	13130.81399902553E0	3.8083091452856374E-6	8.790616019067002E-5	0.0329711106301748E0	-4.922653704839266E0	-30.329581894181356E0	1114.7015586414564E0	33808.43222986863E0	-61.351240792721484E0	-14.993723451881442E0
hsa-miR-200c-3p	12	6963742	6963765	23	+	5932.748259200098E0	4599.8160073597055E0	193.14948674016446E0	741.5935324000122E0	0.0012378834072096071E0	0.0038824525044301316E0	35.670851506817975E0	5.156673749996853E0	35.670851506817975E0	2578.459535713279E0	72.28477665199722E0	8.189315402051733E0	155.37436095118176E0
hsa-miR-203a-3p	14	104117469	104117491	22	+	36246.2592744802E0	27973.334994704383E0	919.8679845629423E0	4530.782409310025E0	0.005817374598071818E0	0.01248019717996294E0	11.741597888229336E0	3.553556849890523E0	11.741597888229336E0	696.6265453374435E0	59.32979068769055E0	2.539724020638694E0	54.28350476214381E0
hsa-miR-20a-5p	13	91351072	91351095	23	+	92202.87572245856E0	20325.24012713742E0	9185.377200715984E0	11525.35946530732E0	7.453140890048859E-4	0.0025713336070668563E0	0.23265707139113712E0	-2.1037230577776476E0	-4.2981715278227055E0	2912.2259436456297E0	12517.246636646621E0	-8.143981924331289E0	-2.268457697258791E0
hsa-miR-20b-5p	X	134169850	134169873	23	-	179133.23419911083E0	88857.05200200269E0	5651.279181370552E0	22391.654274888853E0	1.3473465833631787E-5	2.0659314278235406E-4	0.08399435974441223E0	-3.5735637361924555E0	-11.905561314389631E0	6715.816789798235E0	79955.56860059564E0	-21.790724163838632E0	-6.504712241087897E0
hsa-miR-21-3p	17	59841311	59841332	21	+	24353.319578873085E0	9407.513550557598E0	2067.3443001044766E0	3044.1649473591356E0	0.005576957792979438E0	0.012216193260812103E0	0.2458521216245446E0	-2.02413728968205E0	-4.067485744650842E0	543.2993450921203E0	2209.8623417639283E0	-10.260911368670923E0	-1.6123753230587339E0
hsa-miR-21-5p	17	59841273	59841295	22	+	720375.9753302493E0	152687.8315444615E0	74040.93599174259E0	90046.99691628116E0	3.289770719258947E-5	3.7832363271477886E-4	0.20412170754123787E0	-2.2924984794114116E0	-4.899037990841685E0	29439.24954236741E0	144224.0019686286E0	-7.6171487634122075E0	-3.150860509774099E0
hsa-miR-22-3p	17	1713914	1713936	22	-	6840.208304291567E0	2118.248084231512E0	651.864150067052E0	855.0260380364459E0	0.0011492098332757225E0	0.003688161790512784E0	4.334302376317756E0	2.1157998044692055E0	4.334302376317756E0	849.9537455827672E0	196.09931923908607E0	2.1856825571215897E0	8.595107751646237E0
hsa-miR-221-5p	X	45746221	45746243	22	-	1937.1361935337052E0	934.5212136315495E0	68.36063497806386E0	242.14202419171315E0	5.039870316018887E-5	3.912409883861238E-4	74.13077868215326E0	6.212000760665891E0	74.13077868215326E0	320.45811946537924E0	4.322875395743154E0	20.874370437142495E0	263.25930952361944E0
hsa-miR-23b-3p	9	95085265	95085288	23	+	13589.652586197992E0	3862.6876830104047E0	1300.7659782904416E0	1698.706573274749E0	0.005335411585334664E0	0.012070275389773502E0	4.592405310354286E0	2.199249975078458E0	4.592405310354286E0	2355.122879578781E0	512.8299267624552E0	1.933321122791372E0	10.908786070738087E0
hsa-miR-25-3p	7	100093571	100093593	22	-	203028.1667998671E0	39565.5546935609E0	22501.33206548237E0	25378.520849983386E0	0.002079230078256816E0	0.005738675015988812E0	0.35557033245727904E0	-1.4917931391176014E0	-2.8123831172561276E0	9782.360794704713E0	27511.746350739886E0	-4.922272499873556E0	-1.6068795050315623E0
hsa-miR-25-5p	7	100093610	100093631	21	-	22448.93186027503E0	13644.009719020622E0	553.7546849126786E0	2806.116482534379E0	1.0423676698086967E-4	6.25420601885218E-4	12.11055748840756E0	3.598193373400092E0	12.11055748840756E0	1226.122171454832E0	101.24407337251614E0	5.381900236700658E0	27.25163905489576E0
hsa-miR-27a-3p	19	13836447	13836468	21	-	50391.78804351899E0	10343.949105246616E0	5779.579452096524E0	6298.973505439873E0	0.007024623520643463E0	0.014468627549982058E0	0.40457489592826656E0	-1.305521292152388E0	-2.4717302286034717E0	3803.590846152598E0	9401.45047311153E0	-4.418455201620901E0	-1.3827118402718965E0
hsa-miR-27a-5p	19	13836487	13836509	22	-	6368.919938465481E0	2492.056569684132E0	550.414058703798E0	796.1149923081852E0	0.003319474348323049E0	0.008036622106466329E0	3.6389224013594625E0	1.8635112865828405E0	3.6389224013594625E0	640.9162389307585E0	176.12803135112608E0	1.769575552443385E0	7.483012649463787E0
hsa-miR-296-5p	20	58817661	58817682	21	-	1229.1076640344033E0	355.5727954486682E0	102.79878131094428E0	153.63845800430042E0	0.001688756101756795E0	0.004756088613110974E0	10.617399724056842E0	3.4083585781157364E0	10.617399724056842E0	264.74781305869396E0	24.935277924330705E0	3.2959894682185626E0	34.20192266613367E0
hsa-miR-29a-3p	7	130876748	130876770	22	-	459741.19222068187E0	110758.88200014654E0	44939.19744599501E0	57467.649027585234E0	7.916838349934682E-4	0.0026646919324170393E0	0.25647966266328726E0	-1.9630836617959981E0	-3.8989446165672184E0	17986.074985969914E0	70126.7102558359E0	-7.15462095501671E0	-2.124748357549151E0
hsa-miR-29b-3p	1	207802450	207802473	23	-	89433.80835026425E0	23937.701268931927E0	6899.0059215557285E0	11179.226043783032E0	2.1429149889601348E-4	0.0010587679389932553E0	0.14704468947703556E0	-2.7656734126922435E0	-6.8006536214024464E0	2368.4311680457613E0	16106.880005227164E0	-13.70933262485239E0	-3.3735332669989955E0
hsa-miR-29c-3p	1	207801865	207801887	22	-	35986.30144586749E0	9797.7361605391E0	3285.131317118985E0	4498.287680733436E0	2.4634110721666856E-4	0.0011722438895138021E0	0.22483085272660433E0	-2.1530880699091144E0	-4.447788138828108E0	2076.0759170375986E0	9233.94584143373E0	-7.704373221763109E0	-2.5677389657108023E0
hsa-miR-301a-3p	17	59151149	59151172	23	-	11115.608156668686E0	3029.733050161427E0	948.4570448454053E0	1389.4510195835858E0	0.03216439878371683E0	0.05200480614594041E0	0.30871342847959626E0	-1.6956598559266656E0	-3.2392500868037E0	822.3463076333027E0	2663.7853489125964E0	-16.882343758298454E0	1.6089545674869854E0
hsa-miR-30a-3p	6	71403554	71403576	22	-	22418.45424799245E0	9492.7667355549E0	636.268676738541E0	2802.306780999056E0	0.005556412405441708E0	0.012216193260812103E0	0.31787845034815454E0	-1.653452878441799E0	-3.145856533856749E0	2661.281849561672E0	8372.010896498306E0	-6.319699227007156E0	-1.565962710585497E0
hsa-miR-30a-5p	6	71403595	71403617	22	-	20024.3760414882E0	8120.160760373711E0	673.8993983914842E0	2503.047005186025E0	0.04692818307502153E0	0.06915009350795012E0	0.46399721780220476E0	-1.1078119401271782E0	-2.1551853365342493E0	3079.3568628656894E0	6636.584757664833E0	-4.489565451269814E0	-1.034582051476389E0
hsa-miR-30c-5p	1	40757300	40757323	23	+	9733.356475866925E0	4058.294682907782E0	789.4263635036473E0	1216.6695594833657E0	3.8905458159945865E-4	0.0016269555230522816E0	0.19111550858200396E0	-2.3874832404520645E0	-5.232437741026754E0	640.9162389307585E0	3353.5543183554214E0	-9.966303418768073E0	-2.7470972499355617E0
hsa-miR-30d-5p	8	134804919	134804941	22	-	9106.280287378533E0	4293.161606869058E0	796.6219200781778E0	1138.2850359223166E0	0.04544014013822229E0	0.06816021020733344E0	5.624051131991641E0	2.4916097109708026E0	5.624051131991641E0	2480.8426418746403E0	441.1131020909754E0	1.5146757275217666E0	20.882325213600506E0
hsa-miR-30e-3p	1	40754413	40754435	22	+	18170.128815911612E0	3458.1737730206632E0	2005.6924300844478E0	2271.2661019889515E0	4.966803753096503E-4	0.0019039414386869931E0	0.25948818693367115E0	-1.946259232759441E0	-3.85373997875138E0	849.9537455827685E0	3275.5007301880114E0	-6.700528609123375E0	-2.216438834930916E0
hsa-miR-30e-5p	1	40754371	40754393	22	+	7630.84109212793E0	2152.3604537099645E0	779.8990953468062E0	953.8551365159913E0	0.03430659158932142E0	0.054216539106450926E0	0.432021112299359E0	-1.2108262781807042E0	-2.3147016928817896E0	836.1500266080352E0	1935.4378823670863E0	-5.498724862917065E0	1.026294333654721E0
hsa-miR-3182	16	83508349	83508366	17	+	50598.30180743065E0	20247.959628683573E0	731.7776908978718E0	6324.787725928832E0	4.3748284402681346E-5	3.912409883861238E-4	225.9415074653744E0	7.819805520769706E0	225.9415074653744E0	14183.970431340593E0	62.77717882594516E0	47.400679033573915E0	1076.9796095023746E0
hsa-miR-320a-3p	8	22244975	22244997	22	-	19799.37409203822E0	9282.910722073391E0	1208.7341665088786E0	2474.9217615047774E0	0.0014425783566235073E0	0.004235655600298809E0	4.014693692966306E0	2.0052899193749507E0	4.014693692966306E0	1713.7112101402663E0	426.8597658497365E0	2.051134340964963E0	7.857976499365114E0
hsa-miR-320c	18	21683559	21683579	20	+	1034.6430683746155E0	373.8084854526198E0	43.05904136847069E0	129.33038354682694E0	9.10349603539871E-4	0.0029911486973452904E0	26.452072052159576E0	4.72530883130194E0	26.452072052159576E0	264.74781305869396E0	10.008585051114864E0	6.085141474379255E0	114.98699229897842E0
hsa-miR-331-3p	12	95308480	95308501	21	+	1324.4468418978877E0	306.65440049064705E0	152.8102043634406E0	165.55585523723596E0	0.027173686566442493E0	0.04573132617279346E0	2.8040488769734733E0	1.4875114969778782E0	2.8040488769734733E0	264.74781305869396E0	94.4162618514516E0	1.1667850126200907E0	6.738765084752007E0
hsa-miR-340-5p	5	180015361	180015383	22	-	15025.208182995328E0	3801.5385448099487E0	1034.261599376566E0	1878.151022874416E0	4.11175915727872E-5	3.912409883861238E-4	0.05838196356324676E0	-4.098333455890354E0	-17.128577714188612E0	209.03750665200823E0	3580.5151795868105E0	-39.85538328187628E0	-7.361318606222345E0
hsa-miR-342-3p	14	100109715	100109738	23	+	5790.248579235033E0	1744.4395987788923E0	483.4435253344134E0	723.7810724043791E0	0.011783779246868738E0	0.021975155892809267E0	3.03071902085562E0	1.5996601055011643E0	3.03071902085562E0	1003.2809458280908E0	331.0372682971408E0	1.3919997682388405E0	6.598605828072258E0
hsa-miR-345-5p	14	100307876	100307898	22	+	1308.995171040393E0	436.1098996947231E0	119.32376104432272E0	163.62439638004912E0	0.032408792235875915E0	0.05200480614594041E0	4.1448837748774165E0	2.051331648220701E0	4.1448837748774165E0	264.74781305869396E0	63.873398477368255E0	1.173564551173898E0	14.639213062508675E0
hsa-miR-34a-5p	1	9151735	9151757	22	-	6025.654916622976E0	2896.935933147632E0	194.03764527395825E0	753.206864577872E0	2.0866285192356567E-6	8.790616019067002E-5	459.81130263873854E0	8.844898119207162E0	459.81130263873854E0	1908.4495673097867E0	4.1505059888302185E0	144.3155429245819E0	1465.0288510144974E0
hsa-miR-361-5p	X	85903681	85903703	22	-	13090.90156293055E0	3329.454357382984E0	1342.719602445039E0	1636.3626953663188E0	0.0034350388072095796E0	0.008173023368877964E0	0.22565152025348525E0	-2.1478315966171486E0	-4.431612066591227E0	473.78531971070333E0	2099.632740331609E0	-10.492855619183565E0	-1.8716721378355408E0
hsa-miR-363-3p	X	134169382	134169404	22	-	35048.242523386085E0	14602.30578747243E0	1686.121380034716E0	4381.030315423261E0	0.011241119861640437E0	0.021250336176799733E0	0.2991128310308728E0	-1.7412382958725394E0	-3.3432200034801762E0	3804.5817071681104E0	12719.553670871672E0	-8.713270801926795E0	-1.2827697251413737E0
hsa-miR-365b-3p	17	31575478	31575500	22	+	3722.3557201922395E0	832.306689846386E0	407.4511574819517E0	465.29446502402993E0	0.031197645228207005E0	0.051253274303482935E0	0.4067442357279952E0	-1.297806194338206E0	-2.4585474412690553E0	209.03750665200857E0	513.9286271866315E0	-6.06924833122901E0	1.0041017441806586E0
hsa-miR-374a-5p	X	74287325	74287347	22	-	27171.264779903555E0	6586.444024994854E0	2054.902827474673E0	3396.4080974879444E0	7.181919439832621E-5	4.786588161773406E-4	0.09711517139205862E0	-3.364159497813646E0	-10.297052310837735E0	585.2059325240734E0	6025.896102185891E0	-21.118299610938198E0	-5.020730278739441E0
hsa-miR-375-3p	2	219001648	219001670	22	-	10066.619234369397E0	9506.286415210057E0	87.24402308487782E0	1258.3274042961746E0	0.01650318930574361E0	0.028828356002438202E0	102.67285352559509E0	6.681910976484447E0	102.67285352559509E0	4864.563820418399E0	47.37925994626154E0	7.420261359351046E0	1420.6662461833082E0
hsa-miR-411-5p	14	101023340	101023361	21	+	4442.139095266836E0	1307.659296836567E0	132.2248903273891E0	555.2673869083545E0	7.052108813113906E-6	1.2164887702621487E-4	338.37827388175816E0	8.402493130663808E0	338.37827388175816E0	487.58903868543507E0	1.4409584652478316E0	92.8942031405106E0	1232.5834375478425E0
hsa-miR-423-3p	17	30117131	30117154	23	+	16784.085272479824E0	9719.020621768115E0	919.2697625325018E0	2098.010659059978E0	0.03457286551715711E0	0.054216539106450926E0	3.5261186561775606E0	1.8180810230978754E0	3.5261186561775606E0	1142.3089965909257E0	323.9564823907913E0	1.2477189802211925E0	9.964994501597836E0
hsa-miR-423-5p	17	30117095	30117118	23	+	29388.612497306796E0	13394.80406205221E0	1918.7609154543202E0	3673.5765621633495E0	4.9071964205498E-4	0.0019039414386869931E0	6.22469493302265E0	2.6380031336626293E0	6.22469493302265E0	3747.880539745912E0	602.0986697204571E0	2.9475307824836685E0	13.145520731949315E0
hsa-miR-425-5p	3	49020199	49020222	23	-	10464.12692134597E0	3066.5440049064705E0	979.3639242561316E0	1308.0158651682461E0	0.0016495504623275498E0	0.004742457579191706E0	3.7690739909366555E0	1.9142101169204453E0	3.7690739909366555E0	2647.47813058694E0	702.4213736212175E0	1.9560422045574513E0	7.262582942257739E0
hsa-miR-4443	3	48196572	48196589	17	+	7468.5178227265915E0	3676.8802228412255E0	80.3259340867613E0	933.5647278408239E0	3.82200696481174E-6	8.790616019067002E-5	317.43370596016996E0	8.310311515300684E0	317.43370596016996E0	3525.0393141191716E0	11.104804702536768E0	96.35785852093149E0	1045.7284878090043E0
hsa-miR-4454	4	163093607	163093627	20	-	3832.447494134671E0	1839.9264029438823E0	56.74012277210992E0	479.0559367668339E0	2.9254072591504627E-4	0.001345687339209213E0	152.0833271486817E0	7.248718189264656E0	152.0833271486817E0	1755.6177975722196E0	11.543788717656355E0	22.252771270740066E0	1039.3913690662637E0
hsa-miR-4488	11	61508599	61508617	18	+	4134.627106306007E0	1308.3296990841693E0	45.96470796449303E0	516.8283882882508E0	1.1559273163696038E-4	6.380718786360214E-4	323.0139100763067E0	8.335452483381237E0	323.0139100763067E0	905.6640519894524E0	2.8037927248763026E0	42.99101415401144E0	2426.9719650949123E0
hsa-miR-4516	16	2133120	2133137	17	+	30232.740858889625E0	14261.83844011142E0	260.514892841761E0	3779.092607361203E0	6.602837114815873E-6	1.2164887702621487E-4	2043.5624571245137E0	10.996870621588965E0	2043.5624571245137E0	9890.808824471533E0	4.839983616481732E0	373.90158172791615E0	11169.108985496932E0
hsa-miR-455-3p	9	114209487	114209508	21	+	1537.6379076263686E0	373.8084854526198E0	137.58338529559384E0	192.20473845329607E0	0.0058783537441854435E0	0.01248019717996294E0	6.823016802317405E0	2.7704097690747664E0	6.823016802317405E0	209.03750665200863E0	30.637108575377056E0	2.1834702348423805E0	21.32090355152756E0
hsa-miR-501-3p	X	50009772	50009794	22	+	1956.157168425049E0	919.9632014719411E0	62.38609762146783E0	244.5196460531311E0	9.239146973275756E-5	5.795464919600247E-4	51.169131619908704E0	5.677201844782477E0	51.169131619908704E0	794.243439176082E0	15.521925299573667E0	14.597604838762537E0	179.36367367494088E0
hsa-miR-532-5p	X	50003167	50003189	22	+	22612.35820280635E0	5592.190328419964E0	2280.908593814378E0	2826.5447753507938E0	0.0025682019447520786E0	0.006687016384448808E0	0.21329090479633206E0	-2.229105647657031E0	-4.688432453108506E0	836.1500266080348E0	3920.2329214395413E0	-11.424212656895186E0	-1.9241062406251666E0
hsa-miR-660-5p	X	50013256	50013278	22	+	12492.199857568688E0	2651.3511319197305E0	1392.2046455296286E0	1561.524982196086E0	0.012209186243073171E0	0.022464902687254634E0	0.34075197114443573E0	-1.55320609228952E0	-2.93468588498972E0	891.8603330147207E0	2617.329931156387E0	-6.693662772073021E0	-1.2866470177568643E0
hsa-miR-671-5p	7	151238449	151238472	23	+	2077.8544951835042E0	623.014142421033E0	180.4791940039501E0	259.73181189793803E0	0.038460976533691786E0	0.05832543694120292E0	4.064036405311272E0	2.022913325714112E0	4.064036405311272E0	473.78531971070277E0	116.57998904225536E0	1.1270922317026704E0	14.653984331650005E0
hsa-miR-744-5p	17	12081909	12081931	22	+	11416.394704023101E0	3551.180611799888E0	904.653123658514E0	1427.0493380028877E0	3.8551471052625973E-4	0.0016269555230522816E0	5.412092361064751E0	2.4361864601040084E0	5.412092361064751E0	1853.234691410858E0	342.42480860355863E0	2.779380525240389E0	10.53858709115121E0
hsa-miR-7704	2	176188843	176188862	19	+	368850.4618248911E0	217111.3155473781E0	286.0584172661323E0	46106.30772811139E0	1.8045277184259333E-7	2.490248251427788E-5	62918.63484865557E0	15.941199748357075E0	62918.63484865557E0	176410.81097703168E0	2.8037927248769847E0	13015.177431724183E0	304164.475051188E0
hsa-miR-7977	3	176515103	176515121	18	+	5028.42007991806E0	2146.580803434529E0	258.8664009530523E0	628.5525099897575E0	4.442766451123923E-5	3.912409883861238E-4	22.113766649235778E0	4.466872875959556E0	22.113766649235778E0	1686.1037721908021E0	76.24679223823978E0	9.158418075356273E0	53.39553964376421E0
hsa-miR-9-5p	1	156420392	156420415	23	-	33946.739972220515E0	8642.774830715898E0	2596.7165982215365E0	4243.342496527564E0	2.8405966237937575E-5	3.563657582577623E-4	0.05168533835043837E0	-4.274101102444947E0	-19.347846641145544E0	431.87873227874843E0	8355.923483882056E0	-43.6793545607803E0	-8.57016257253504E0
hsa-miR-93-3p	7	100093777	100093799	22	-	3430.8142521072145E0	1246.028284842066E0	224.61873766827864E0	428.8517815134018E0	0.008014564913257511E0	0.016029129826515023E0	5.024874174204058E0	2.329087470814036E0	5.024874174204058E0	418.0750133040174E0	83.2010909519463E0	1.8836228859971684E0	13.404679171338584E0
hsa-miR-95-3p	4	8005312	8005334	22	-	4096.844948982065E0	1593.347857268508E0	245.6681826272653E0	512.1056186227581E0	0.015579786931431486E0	0.027564238417148015E0	0.2439578502759467E0	-2.035296186651278E0	-4.0990687484287776E0	362.3647068973323E0	1485.3578459302798E0	-15.142519890896958E0	-1.1096148280080078E0
hsa-miR-98-5p	X	53556299	53556321	22	-	4767.631485726446E0	1101.113324657472E0	424.1276458128132E0	595.9539357158058E0	0.006026231320102595E0	0.012600301851123609E0	6.027010371704327E0	2.5914425474858276E0	6.027010371704327E0	627.1125199560262E0	104.05034687014529E0	2.068231974571737E0	17.56323974642797E0
hsa-miR-99a-5p	21	16539101	16539123	22	+	17070.83929346821E0	6361.844172912639E0	379.0209015853184E0	2133.854911683526E0	0.021582589194058314E0	0.03677033714543269E0	0.3734328879007968E0	-1.4210791048647398E0	-2.6778573403680825E0	2270.8142742071186E0	6080.91667380967E0	-6.215059046579134E0	-1.1537975555212474E0
hsa-miR-99b-3p	19	51692656	51692678	22	+	4551.002060327387E0	1260.6671838634602E0	434.5809414715828E0	568.8752575409234E0	0.001320144128716481E0	0.003960432386149443E0	5.671575575236313E0	2.5037495744652754E0	5.671575575236313E0	905.6640519894524E0	159.6847365797978E0	2.451136236223005E0	13.12320752729085E0
